<?xml version="1.0"?>
<opencv_storage>
<nrofframes>18</nrofframes>
<image_width>1280</image_width>
<image_height>1024</image_height>
<board_width>8</board_width>
<board_height>6</board_height>
<square_size>1</square_size>
<camera_matrix type_id="opencv-matrix">
  <rows>3</rows>
  <cols>3</cols>
  <dt>d</dt>
  <data>
    1.0262705689246848e+003 0. 6.6443693156053337e+002 0.
    1.0289228470356338e+003 4.9878764936001261e+002 0. 0. 1.</data></camera_matrix>
<distortion_coefficients type_id="opencv-matrix">
  <rows>5</rows>
  <cols>1</cols>
  <dt>d</dt>
  <data>
    -3.7914291047118553e-001 2.5287054456677960e-001
    4.2379460381530051e-004 -9.4186236217101303e-004
    -1.5159028330213536e-001</data></distortion_coefficients>
<reprojection_error>2.7353280782699585e-001</reprojection_error>
<!-- a set of 6-tuples (rotation vector + translation vector) for each view -->
<extrinsic_parameters type_id="opencv-matrix">
  <rows>18</rows>
  <cols>6</cols>
  <dt>d</dt>
  <data>
    -1.7292576255724457e-001 -4.0313178923061757e-002
    -6.5143377637292138e-002 -1.0663656757384868e-001
    -2.0810508273033008e+000 1.5874542446023789e+001
    -3.2010727408683393e-001 4.7845967884098461e-001
    2.0943083584334690e-001 1.1390754950242583e+000
    -3.7016841841221537e+000 2.0162760312477989e+001
    -1.8431443617918594e-001 2.0120938603870264e-002
    5.2297470268871903e-003 -6.7602751199653657e+000
    -4.2554887389003779e+000 1.8809266811449994e+001
    -7.8025139812136535e-001 -4.6008876304789344e-002
    6.8991932281545543e-002 -6.3492451959910010e+000
    -2.3304412433087487e+000 2.0919486596673384e+001
    4.3832550078124349e-001 -1.2860577444360970e-002
    -8.8551875026463157e-003 -4.7098087221558806e+000
    -4.2430004972844397e+000 1.6581716632491119e+001
    6.0645349820154815e-001 -1.1756504329340590e-001
    1.8374605878812617e-001 -1.8773674763132551e+000
    -6.3728040186102994e+000 1.3825563261015308e+001
    -5.8653557169795034e-001 -1.5532768587133261e-001
    1.3752205262481590e-001 -2.6596514809150551e+000
    4.0736747818817043e-001 1.8342337185928294e+001
    -4.4638099358892236e-002 2.3357642773367313e-001
    4.5850708200640583e-001 9.1106839952791019e-001
    -3.8734224000029704e+000 1.8418823272070270e+001
    5.5910629154276191e-003 -7.0571780066824508e-001
    1.4662063988840394e-003 -5.4040020761823671e-001
    -5.0710482954168992e+000 1.5448813389556641e+001
    -9.7996083842936716e-004 -6.1096226054522507e-001
    6.5443474992516126e-002 4.9628882735333901e+000
    -4.8064449619596292e+000 1.6139647445583030e+001
    1.2372835989614202e-001 6.5127599846919870e-001
    5.1449395093115391e-001 -2.6279292168797648e+000
    -6.4966068974045186e+000 1.9621545267221251e+001
    -3.8445645006944856e-001 5.7350476196704137e-001
    5.1441000141998605e-001 4.6587746879577718e-001
    -5.2304633224096211e+000 2.4288268618607560e+001
    -8.1080446384955707e-003 -5.1897530806442704e-001
    1.8874509041585252e-001 -7.1558194094102845e-001
    -3.8684071832159286e+000 2.2200665835609083e+001
    -5.7732091715811806e-001 -2.4522337188600407e-001
    2.0186402555937275e-001 6.2154740049599444e-001
    -6.7209694079813032e+000 1.9736497537742174e+001
    1.2783207754720838e-001 -2.4863557047374849e-002
    1.5188547727425250e-001 -6.5790178899885221e-001
    2.6732061901304491e+000 2.3307307123025108e+001
    -5.4637934801075172e-001 -2.1665891103088508e-001
    1.5621029354996788e-001 -1.1260231580153113e+000
    2.7797114804709167e+000 2.3102104360890234e+001
    -2.5334062953469949e-001 -4.2716958995280052e-001
    2.4186821523706159e-001 7.9236346830788751e+000
    -3.2554623523759274e-001 2.5079674464085183e+001
    -2.9448130610170797e-001 4.3894067351591737e-001
    3.6261596796425039e-001 8.5879863401650365e+000
    1.1424562760241301e+000 2.6992664660955086e+001</data></extrinsic_parameters>
</opencv_storage>
