<?xml version="1.0"?>
<opencv_storage>
<nrofframes>18</nrofframes>
<image_width>1280</image_width>
<image_height>1024</image_height>
<board_width>8</board_width>
<board_height>6</board_height>
<square_size>1</square_size>
<camera_matrix type_id="opencv-matrix">
  <rows>3</rows>
  <cols>3</cols>
  <dt>d</dt>
  <data>
    1.0238554666073327e+003 0. 6.8731804531527007e+002 0.
    1.0210134759274533e+003 4.8706771357706668e+002 0. 0. 1.</data></camera_matrix>
<distortion_coefficients type_id="opencv-matrix">
  <rows>5</rows>
  <cols>1</cols>
  <dt>d</dt>
  <data>
    -3.6640986110570539e-001 2.0204688226669104e-001
    2.8710658097534491e-003 -2.1170144239468442e-003
    -7.5143332569158006e-002</data></distortion_coefficients>
<reprojection_error>4.8883244395256042e-001</reprojection_error>
<!-- a set of 6-tuples (rotation vector + translation vector) for each view -->
<extrinsic_parameters type_id="opencv-matrix">
  <rows>18</rows>
  <cols>6</cols>
  <dt>d</dt>
  <data>
    -6.6885251924180988e-001 1.5560908035412691e-001
    -7.6462889914668264e-002 -4.3347718187224498e+000
    -3.2563047179658350e-001 1.1940106052145916e+001
    -4.2627007259556576e-001 -4.5606711811514961e-001
    -5.1415097738377574e-002 -6.9349030493411483e+000
    -1.8850155630816070e+000 1.2323865118355437e+001
    -6.6015894072291814e-001 5.7195859623927470e-001
    -5.9528342506053301e-002 3.1549213248277280e-002
    -9.5569232673396476e-001 1.6120405407393811e+001
    -7.4600252529985825e-002 1.6105715700590065e-001
    9.8826999940779207e-003 -1.8850458429050132e+000
    -5.9012655577844457e+000 1.3816256714096548e+001
    -1.0097137216084420e+000 1.8169026313656478e-001
    1.1322987359210111e-002 -2.9628344313138362e+000
    1.8073125507184148e-001 1.1835813257433406e+001
    -5.8044300475668442e-001 -4.6863016838749910e-001
    -1.6935652610172006e-001 -4.4702016490298195e+000
    -1.5645943582645117e+000 7.6866550429403091e+000
    -2.4162212546806297e-001 -2.5808318304913896e-001
    -1.4540282597473659e-002 -3.0758613934619197e+000
    -4.9254663349947059e+000 9.5947907952606517e+000
    -4.9084687346998507e-001 8.0704525010798644e-001
    -1.0235248467042206e-001 2.3793568173840494e+000
    -1.7516913289209575e+000 1.7542368243016689e+001
    -7.0676269966238425e-001 8.3121495299296499e-001
    -9.9390730264560759e-002 1.7530504737791233e+000
    -2.5973383106312303e-001 1.6471713869510193e+001
    -1.2268060725122836e+000 1.9182847516123827e-001
    -1.9090581110938490e-001 -2.7518082623355600e+000
    1.9736708879789844e+000 1.2811651325225967e+001
    -5.4490932968720796e-001 -6.1629684627570222e-002
    -2.9104130415498053e-001 -5.3905960976256146e+000
    -1.0942571069288507e+000 1.2762305748302898e+001
    -6.6565998158813011e-001 7.0359399607878126e-001
    2.2787672623058453e-001 2.1079775605297537e+000
    -3.0117172152247251e+000 2.4631936417177975e+001
    -7.4241571238950133e-001 3.5023256054924989e-001
    4.4261165818483619e-002 1.4077583507874534e+000
    -1.5901587080303012e+000 1.8372988458270491e+001
    -4.5479003947459540e-001 -4.3252553848063119e-001
    -1.6588303002160418e-001 -4.5221178631670700e+000
    -2.4537935085617120e+000 7.8384413903868522e+000
    -5.0795043883743962e-001 -4.3124372277229256e-001
    -1.5144564959713763e-001 -4.6277228148153862e+000
    -2.5602956441109512e+000 7.4331288637835335e+000
    -9.4884742938282796e-001 9.6189499834657771e-002
    -1.3938212585668222e-001 -2.7702563973636787e+000
    3.0700534995004412e+000 1.5685979341603419e+001
    -4.2606079954787740e-001 -2.4037667237697288e-001
    -3.9867638781234123e-002 -4.0370417618024739e+000
    -3.7263770260061069e+000 1.1099945243477020e+001
    -4.9571864479331101e-001 6.9306415694449008e-001
    -9.5581774494292188e-003 1.4738621374282972e+000
    -1.4017126034061440e+000 2.2786190532631565e+001</data></extrinsic_parameters>
</opencv_storage>
