<?xml version="1.0"?>
<opencv_storage>
<image_width>1280</image_width>
<image_height>1024</image_height>
<board_width>8</board_width>
<board_height>6</board_height>
<square_size>1</square_size>
<camera_matrix type_id="opencv-matrix">
  <rows>3</rows>
  <cols>3</cols>
  <dt>d</dt>
  <data>
    1.0233199603388626e+003 0. 6.6899490797882345e+002 0.
    1.0201754440887863e+003 5.0302561958755302e+002 0. 0. 1.</data></camera_matrix>
<distortion_coefficients type_id="opencv-matrix">
  <rows>5</rows>
  <cols>1</cols>
  <dt>d</dt>
  <data>
    -3.6498648998886313e-001 1.8872938338056730e-001
    2.8908422588489226e-003 3.1463625485945753e-005
    -5.1208607692235328e-002</data></distortion_coefficients>
<reprojection_error>2.4533560872077942e-001</reprojection_error>
</opencv_storage>
