<?xml version="1.0"?>
<opencv_storage>
<nrofframes>18</nrofframes>
<image_width>1280</image_width>
<image_height>1024</image_height>
<board_width>8</board_width>
<board_height>6</board_height>
<square_size>1</square_size>
<camera_matrix type_id="opencv-matrix">
  <rows>3</rows>
  <cols>3</cols>
  <dt>d</dt>
  <data>
    1.0227796574752039e+003 0. 6.6839546242785048e+002 0.
    1.0287737402540672e+003 5.0742256187350688e+002 0. 0. 1.</data></camera_matrix>
<distortion_coefficients type_id="opencv-matrix">
  <rows>5</rows>
  <cols>1</cols>
  <dt>d</dt>
  <data>
    -3.7290528840249676e-001 2.1417221384223817e-001
    4.0755200287001509e-004 -1.1945227403033834e-003
    -7.8814091298661432e-002</data></distortion_coefficients>
<reprojection_error>1.7735807597637177e-001</reprojection_error>
<!-- a set of 6-tuples (rotation vector + translation vector) for each board -->
<extrinsic_parameters type_id="opencv-matrix">
  <rows>18</rows>
  <cols>6</cols>
  <dt>d</dt>
  <data>
    2.5133912705502143e-001 3.8838747528815992e-001
    3.4726258058437001e-002 -5.7030834288751260e+000
    -4.9285877708556374e+000 1.4832131541408252e+001
    6.5621709627329189e-002 8.0041671566093942e-001
    2.3333501760894961e-002 -2.8260048190036628e+000
    -4.7976769325217488e+000 2.1452817721535020e+001
    -4.6807033088768997e-002 -3.7006510940646226e-001
    -8.5384148982493011e-002 -5.2555767145019301e+000
    -3.8166251932024888e+000 1.8598294782962189e+001
    -6.6546054340478777e-001 2.9854085762583760e-001
    1.3269414335737620e-001 -5.5080085040195126e+000
    -3.2523743892346872e+000 2.2659282751429760e+001
    6.2932178332629163e-001 3.6747850160466922e-001
    -9.5778008684597987e-002 -7.7971648425197584e+000
    -5.8918980388914193e+000 1.6663238452133079e+001
    3.1370528550645249e-001 8.9365800621331792e-001
    3.4622902671402896e-002 1.3260277522524113e+000
    -6.1340484389691898e+000 2.8744939534844097e+001
    -9.9356400609481157e-002 -4.6262334348653683e-001
    -5.8696469571715294e-002 2.1360500528665272e+000
    -5.4507473222800371e+000 2.3854164962603090e+001
    -6.9437935148327168e-001 4.9261648735597507e-001
    1.0683736349859613e-001 -2.7071824259347257e+000
    -2.4638367386803233e+000 2.7488766804449838e+001
    8.3737299682231747e-001 5.3323473762016715e-001
    -2.2249450035844978e-001 -4.9974604972961050e+000
    -4.1925678957814885e+000 2.2432998585477606e+001
    7.0063594628082471e-001 9.7829170347636019e-001
    -2.7999645105751619e-001 -5.7607756696544954e-001
    -5.1755719122600468e+000 2.4800462714254799e+001
    8.6348804350493871e-002 5.6692480562070036e-001
    -2.4735929980726126e-001 -1.4274759785057029e+001
    -2.5961983566993787e+000 3.2365249702530662e+001
    -6.8668853369010308e-001 3.0810811077066957e-001
    -1.6400893681306258e-002 -1.1680032601208895e+001
    9.0916620566645762e-002 2.1574200669284572e+001
    -6.8512075932025174e-001 4.0747314248785421e-001
    1.5605391300173144e-001 -2.9618912899780661e+000
    -7.8845210401160792e-001 1.8344578140359047e+001
    1.0016239798433271e-001 4.1733868621744213e-001
    -8.1617059244124823e-002 -6.4111436406103040e-001
    -8.1702353286302074e+000 2.4438263910820343e+001
    1.0650855284315267e-001 4.6104283181553168e-001
    -8.5157926342302168e-002 4.4397028273997465e+000
    -8.1828957294241889e+000 2.1408283233656565e+001
    1.1897236019625576e-001 4.4731508123178026e-001
    -9.4195860326399164e-002 -1.3362724575096760e+001
    -8.8323661257470061e+000 3.0068345801660470e+001
    -6.8712939156196162e-001 3.5672828865164868e-001
    2.5445806729552273e-001 -1.1371268116373952e+000
    -1.9156451841136966e+000 2.2675688752946478e+001
    9.0182207103862944e-001 4.0727339353561665e-001
    -1.5820701526912878e-001 -2.9792450323618604e+000
    -7.1205995125768089e+000 1.9733743458344094e+001</data></extrinsic_parameters>
</opencv_storage>
