<?xml version="1.0"?>
<opencv_storage>
<proj_0_Rmat type_id="opencv-matrix">
  <rows>3</rows>
  <cols>3</cols>
  <dt>f</dt>
  <data>
    9.99365509e-001 -3.29255462e-002 -1.35932947e-002 2.89972685e-003
    4.55536306e-001 -8.90212536e-001 3.55029590e-002 8.89608204e-001
    4.55342710e-001</data></proj_0_Rmat>
<proj_0_Tvec type_id="opencv-matrix">
  <rows>3</rows>
  <cols>1</cols>
  <dt>f</dt>
  <data>
    5.75577170e-002 2.70961732e-001 9.60867763e-001</data></proj_0_Tvec>
<proj_1_Rmat type_id="opencv-matrix">
  <rows>3</rows>
  <cols>3</cols>
  <dt>f</dt>
  <data>
    -7.53600061e-001 -1.61645025e-001 -6.37148201e-001 2.69885778e-001
    -9.59913671e-001 -7.56818652e-002 -5.99373519e-001 -2.28991061e-001
    7.67016530e-001</data></proj_1_Rmat>
<proj_1_Tvec type_id="opencv-matrix">
  <rows>3</rows>
  <cols>1</cols>
  <dt>f</dt>
  <data>
    5.80598354e-001 -3.36684227e-001 5.11816919e-001</data></proj_1_Tvec>
<proj_2_Rmat type_id="opencv-matrix">
  <rows>3</rows>
  <cols>3</cols>
  <dt>f</dt>
  <data>
    -9.87298012e-001 1.17629699e-001 -1.06798813e-001 4.92978841e-002
    -4.12215054e-001 -9.09751892e-001 -1.51037902e-001 -9.03461039e-001
    4.01180208e-001</data></proj_2_Rmat>
<proj_2_Tvec type_id="opencv-matrix">
  <rows>3</rows>
  <cols>1</cols>
  <dt>f</dt>
  <data>
    -1.90838575e-002 2.71473885e-001 1.02455389e+000</data></proj_2_Tvec>
<proj_3_Rmat type_id="opencv-matrix">
  <rows>3</rows>
  <cols>3</cols>
  <dt>f</dt>
  <data>
    7.49852121e-001 5.45785725e-002 -6.59350336e-001 -1.59391686e-001
    9.82140541e-001 -9.99717191e-002 6.42118394e-001 1.80059016e-001
    7.45159626e-001</data></proj_3_Rmat>
<proj_3_Tvec type_id="opencv-matrix">
  <rows>3</rows>
  <cols>1</cols>
  <dt>f</dt>
  <data>
    7.51064479e-001 -3.61714274e-001 6.27076089e-001</data></proj_3_Tvec>
<sphere_pose type_id="opencv-matrix">
  <rows>4</rows>
  <cols>1</cols>
  <dt>d</dt>
  <data>
    -1.9145404919981956e-002 -2.8460778295993805e-002
    1.5047851800918579e+000 1.1218531131744385e+000</data></sphere_pose>
</opencv_storage>
