<?xml version="1.0"?>
<opencv_storage>
<proj_0_Rmat type_id="opencv-matrix">
  <rows>3</rows>
  <cols>3</cols>
  <dt>f</dt>
  <data>
    9.98006046e-001 -4.71103415e-002 -4.20080125e-002 -1.64804459e-002
    4.47959244e-001 -8.93901944e-001 6.09299093e-002 8.92811954e-001
    4.46289599e-001</data></proj_0_Rmat>
<proj_0_Tvec type_id="opencv-matrix">
  <rows>3</rows>
  <cols>1</cols>
  <dt>f</dt>
  <data>
    1.18517786e-001 2.83093125e-001 9.51741517e-001</data></proj_0_Tvec>
<proj_1_Rmat type_id="opencv-matrix">
  <rows>3</rows>
  <cols>3</cols>
  <dt>f</dt>
  <data>
    -7.60299146e-001 -1.63517058e-001 -6.28655195e-001 2.70798832e-001
    -9.59475517e-001 -7.79401809e-002 -5.90434670e-001 -2.29496896e-001
    7.73768604e-001</data></proj_1_Rmat>
<proj_1_Tvec type_id="opencv-matrix">
  <rows>3</rows>
  <cols>1</cols>
  <dt>f</dt>
  <data>
    5.63313603e-001 -3.16864967e-001 5.14252603e-001</data></proj_1_Tvec>
<proj_2_Rmat type_id="opencv-matrix">
  <rows>3</rows>
  <cols>3</cols>
  <dt>f</dt>
  <data>
    -9.92563188e-001 9.96883214e-002 -6.98607042e-002 2.33919695e-002
    -4.07004654e-001 -9.13126528e-001 -1.19461641e-001 -9.07970011e-001
    4.01645899e-001</data></proj_2_Rmat>
<proj_2_Tvec type_id="opencv-matrix">
  <rows>3</rows>
  <cols>1</cols>
  <dt>f</dt>
  <data>
    -1.03820004e-001 2.98687279e-001 1.02636075e+000</data></proj_2_Tvec>
<proj_3_Rmat type_id="opencv-matrix">
  <rows>3</rows>
  <cols>3</cols>
  <dt>f</dt>
  <data>
    7.49386787e-001 5.15464544e-002 -6.60122991e-001 -1.62120253e-001
    9.80903566e-001 -1.07447594e-001 6.41978502e-001 1.87539101e-001
    7.43432939e-001</data></proj_3_Rmat>
<proj_3_Tvec type_id="opencv-matrix">
  <rows>3</rows>
  <cols>1</cols>
  <dt>f</dt>
  <data>
    7.33725011e-001 -3.67250651e-001 6.29407167e-001</data></proj_3_Tvec>
<sphere_pose type_id="opencv-matrix">
  <rows>4</rows>
  <cols>1</cols>
  <dt>d</dt>
  <data>
    -3.0864268541336060e-002 -7.1956664323806763e-003
    1.4962973594665527e+000 1.1128693819046021e+000</data></sphere_pose>
</opencv_storage>
