<?xml version="1.0"?>
<opencv_storage>
<proj_0_Rmat type_id="opencv-matrix">
  <rows>3</rows>
  <cols>3</cols>
  <dt>f</dt>
  <data>
    9.85430777e-001 -1.69612586e-001 -1.25653269e-002 6.65343702e-002
    4.52439934e-001 -8.89309525e-001 1.56523168e-001 8.75516832e-001
    4.57133263e-001</data></proj_0_Rmat>
<proj_0_Tvec type_id="opencv-matrix">
  <rows>3</rows>
  <cols>1</cols>
  <dt>f</dt>
  <data>
    -6.99731940e-003 2.73661584e-001 9.61800575e-001</data></proj_0_Tvec>
<proj_1_Rmat type_id="opencv-matrix">
  <rows>3</rows>
  <cols>3</cols>
  <dt>f</dt>
  <data>
    -7.70926774e-001 -1.32002607e-002 -6.36786997e-001 1.39154166e-001
    -9.79122937e-001 -1.48170456e-001 -6.21536791e-001 -2.02840164e-001
    7.56668985e-001</data></proj_1_Rmat>
<proj_1_Tvec type_id="opencv-matrix">
  <rows>3</rows>
  <cols>1</cols>
  <dt>f</dt>
  <data>
    6.21583164e-001 -2.26273119e-001 5.43445170e-001</data></proj_1_Tvec>
<proj_2_Rmat type_id="opencv-matrix">
  <rows>3</rows>
  <cols>3</cols>
  <dt>f</dt>
  <data>
    -9.93925393e-001 1.03389248e-001 3.77229340e-002 -7.66187161e-002
    -4.03975189e-001 -9.11555588e-001 -7.90059119e-002 -9.08908606e-001
    4.09442723e-001</data></proj_2_Rmat>
<proj_2_Tvec type_id="opencv-matrix">
  <rows>3</rows>
  <cols>1</cols>
  <dt>f</dt>
  <data>
    -5.72110759e-003 2.74627477e-001 1.02032101e+000</data></proj_2_Tvec>
<proj_3_Rmat type_id="opencv-matrix">
  <rows>3</rows>
  <cols>3</cols>
  <dt>f</dt>
  <data>
    7.40140855e-001 2.77300328e-002 -6.71879828e-001 -1.30604625e-001
    9.86051023e-001 -1.03177041e-001 6.59646749e-001 1.64116174e-001
    7.33438492e-001</data></proj_3_Rmat>
<proj_3_Tvec type_id="opencv-matrix">
  <rows>3</rows>
  <cols>1</cols>
  <dt>f</dt>
  <data>
    7.53957868e-001 -3.50873142e-001 6.53505921e-001</data></proj_3_Tvec>
<sphere_pose type_id="opencv-matrix">
  <rows>4</rows>
  <cols>1</cols>
  <dt>d</dt>
  <data>
    -2.7760393917560577e-002 -4.3914325535297394e-002
    1.5291330814361572e+000 1.1221590042114258e+000</data></sphere_pose>
</opencv_storage>
