<?xml version="1.0"?>
<opencv_storage>
<proj_0_Rmat type_id="opencv-matrix">
  <rows>3</rows>
  <cols>3</cols>
  <dt>f</dt>
  <data>
    9.85716164e-001 1.40453413e-001 -9.29330215e-002 -1.47088006e-001
    4.49189752e-001 -8.81245434e-001 -8.20292979e-002 8.82327259e-001
    4.63432610e-001</data></proj_0_Rmat>
<proj_0_Tvec type_id="opencv-matrix">
  <rows>3</rows>
  <cols>1</cols>
  <dt>f</dt>
  <data>
    3.59787017e-001 2.20228627e-001 9.06671166e-001</data></proj_0_Tvec>
<proj_1_Rmat type_id="opencv-matrix">
  <rows>3</rows>
  <cols>3</cols>
  <dt>f</dt>
  <data>
    6.94567680e-001 5.73284566e-001 4.34649915e-001 -1.86103150e-001
    7.26770878e-001 -6.61188006e-001 -6.94939852e-001 3.78350079e-001
    6.11481786e-001</data></proj_1_Rmat>
<proj_1_Tvec type_id="opencv-matrix">
  <rows>3</rows>
  <cols>1</cols>
  <dt>f</dt>
  <data>
    -3.44261646e-001 2.04105943e-001 8.05651248e-001</data></proj_1_Tvec>
<proj_2_Rmat type_id="opencv-matrix">
  <rows>3</rows>
  <cols>3</cols>
  <dt>f</dt>
  <data>
    -9.87954676e-001 1.54116824e-001 -1.39110126e-002 -4.79747839e-002
    -3.90521467e-001 -9.19342995e-001 -1.47118762e-001 -9.07601774e-001
    3.93211246e-001</data></proj_2_Rmat>
<proj_2_Tvec type_id="opencv-matrix">
  <rows>3</rows>
  <cols>1</cols>
  <dt>f</dt>
  <data>
    -3.23185064e-002 2.47726709e-001 9.51477051e-001</data></proj_2_Tvec>
<proj_3_Rmat type_id="opencv-matrix">
  <rows>3</rows>
  <cols>3</cols>
  <dt>f</dt>
  <data>
    -7.60054648e-001 -4.00628507e-001 5.11677504e-001 7.33815506e-003
    -7.92607427e-001 -6.09688103e-001 6.49817944e-001 -4.59641337e-001
    6.05364799e-001</data></proj_3_Rmat>
<proj_3_Tvec type_id="opencv-matrix">
  <rows>3</rows>
  <cols>1</cols>
  <dt>f</dt>
  <data>
    -4.25785244e-001 3.15904953e-002 8.27433050e-001</data></proj_3_Tvec>
<sphere_pose type_id="opencv-matrix">
  <rows>4</rows>
  <cols>1</cols>
  <dt>d</dt>
  <data>
    7.6782535761594772e-003 -3.1056717038154602e-002
    1.4076271057128906e+000 1.1017659902572632e+000</data></sphere_pose>
</opencv_storage>
