<?xml version="1.0"?>
<opencv_storage>
<proj_0_Rmat type_id="opencv-matrix">
  <rows>3</rows>
  <cols>3</cols>
  <dt>f</dt>
  <data>
    9.99036074e-001 -3.59499902e-002 -2.51861475e-002 -6.14885427e-003
    4.53508109e-001 -8.91230941e-001 4.34618294e-002 8.90526891e-001
    4.52849895e-001</data></proj_0_Rmat>
<proj_0_Tvec type_id="opencv-matrix">
  <rows>3</rows>
  <cols>1</cols>
  <dt>f</dt>
  <data>
    7.67238066e-002 2.66671807e-001 9.60728705e-001</data></proj_0_Tvec>
<proj_1_Rmat type_id="opencv-matrix">
  <rows>3</rows>
  <cols>3</cols>
  <dt>f</dt>
  <data>
    -7.56991446e-001 -1.67256206e-001 -6.31656110e-001 2.67332494e-001
    -9.61353898e-001 -6.58205748e-002 -5.96235991e-001 -2.18687758e-001
    7.72449553e-001</data></proj_1_Rmat>
<proj_1_Tvec type_id="opencv-matrix">
  <rows>3</rows>
  <cols>1</cols>
  <dt>f</dt>
  <data>
    5.90755880e-001 -3.46385717e-001 5.33774137e-001</data></proj_1_Tvec>
<proj_2_Rmat type_id="opencv-matrix">
  <rows>3</rows>
  <cols>3</cols>
  <dt>f</dt>
  <data>
    -9.90838110e-001 1.07460335e-001 -8.18041712e-002 2.97717005e-002
    -4.17017996e-001 -9.08410609e-001 -1.31731927e-001 -9.02523279e-001
    4.09998119e-001</data></proj_2_Rmat>
<proj_2_Tvec type_id="opencv-matrix">
  <rows>3</rows>
  <cols>1</cols>
  <dt>f</dt>
  <data>
    -7.35582709e-002 2.83124179e-001 1.04419935e+000</data></proj_2_Tvec>
<proj_3_Rmat type_id="opencv-matrix">
  <rows>3</rows>
  <cols>3</cols>
  <dt>f</dt>
  <data>
    7.50280559e-001 5.35192788e-002 -6.58949792e-001 -1.55395716e-001
    9.83069658e-001 -9.70897004e-002 6.42597318e-001 1.75242513e-001
    7.45894611e-001</data></proj_3_Rmat>
<proj_3_Tvec type_id="opencv-matrix">
  <rows>3</rows>
  <cols>1</cols>
  <dt>f</dt>
  <data>
    7.51868486e-001 -3.86499733e-001 6.21790886e-001</data></proj_3_Tvec>
<sphere_pose type_id="opencv-matrix">
  <rows>4</rows>
  <cols>1</cols>
  <dt>d</dt>
  <data>
    -7.6339170336723328e-002 -6.4022177830338478e-003
    1.4904779195785522e+000 1.1610320806503296e+000</data></sphere_pose>
</opencv_storage>
