<?xml version="1.0"?>
<opencv_storage>
<proj_0_Rmat type_id="opencv-matrix">
  <rows>3</rows>
  <cols>3</cols>
  <dt>f</dt>
  <data>
    9.96886611e-001 -5.13150953e-002 5.98657392e-002 7.66020566e-002
    4.50334132e-001 -8.89568031e-001 1.86886955e-002 8.91384244e-001
    4.52862889e-001</data></proj_0_Rmat>
<proj_0_Tvec type_id="opencv-matrix">
  <rows>3</rows>
  <cols>1</cols>
  <dt>f</dt>
  <data>
    -7.97260460e-003 2.58244425e-001 9.66046751e-001</data></proj_0_Tvec>
<proj_1_Rmat type_id="opencv-matrix">
  <rows>3</rows>
  <cols>3</cols>
  <dt>f</dt>
  <data>
    -7.18424201e-001 -1.30520970e-001 -6.83250368e-001 2.77963638e-001
    -9.54275012e-001 -1.09978363e-001 -6.37654305e-001 -2.68929958e-001
    7.21854389e-001</data></proj_1_Rmat>
<proj_1_Tvec type_id="opencv-matrix">
  <rows>3</rows>
  <cols>1</cols>
  <dt>f</dt>
  <data>
    5.83746016e-001 -3.35160762e-001 5.15302658e-001</data></proj_1_Tvec>
<proj_2_Rmat type_id="opencv-matrix">
  <rows>3</rows>
  <cols>3</cols>
  <dt>f</dt>
  <data>
    -9.97149467e-001 7.49794096e-002 -8.43708776e-003 -2.17776000e-002
    -3.93059194e-001 -9.19255316e-001 -7.22414181e-002 -9.16451037e-001
    3.93571615e-001</data></proj_2_Rmat>
<proj_2_Tvec type_id="opencv-matrix">
  <rows>3</rows>
  <cols>1</cols>
  <dt>f</dt>
  <data>
    -5.95331714e-002 2.69386828e-001 1.01633608e+000</data></proj_2_Tvec>
<proj_3_Rmat type_id="opencv-matrix">
  <rows>3</rows>
  <cols>3</cols>
  <dt>f</dt>
  <data>
    7.63597488e-001 7.39034563e-002 -6.41449213e-001 -1.84695691e-001
    9.76919532e-001 -1.07312337e-001 6.18713439e-001 2.00416356e-001
    7.59622812e-001</data></proj_3_Rmat>
<proj_3_Tvec type_id="opencv-matrix">
  <rows>3</rows>
  <cols>1</cols>
  <dt>f</dt>
  <data>
    7.50846982e-001 -3.26654077e-001 6.47751093e-001</data></proj_3_Tvec>
<sphere_pose type_id="opencv-matrix">
  <rows>4</rows>
  <cols>1</cols>
  <dt>d</dt>
  <data>
    -6.3894160091876984e-002 -6.2963359057903290e-002
    1.5147429704666138e+000 1.1344254016876221e+000</data></sphere_pose>
</opencv_storage>
