<?xml version="1.0"?>
<opencv_storage>
<proj_0_Rmat type_id="opencv-matrix">
  <rows>3</rows>
  <cols>3</cols>
  <dt>f</dt>
  <data>
    9.99329031e-001 -3.33895087e-002 -1.50551274e-002 1.74925290e-003
    4.54080999e-001 -8.90958667e-001 3.65849175e-002 8.90334487e-001
    4.53834772e-001</data></proj_0_Rmat>
<proj_0_Tvec type_id="opencv-matrix">
  <rows>3</rows>
  <cols>1</cols>
  <dt>f</dt>
  <data>
    6.25594631e-002 2.69684196e-001 9.60914552e-001</data></proj_0_Tvec>
<proj_1_Rmat type_id="opencv-matrix">
  <rows>3</rows>
  <cols>3</cols>
  <dt>f</dt>
  <data>
    -9.89568114e-001 1.11460000e-001 -9.12775099e-002 3.84853035e-002
    -4.06035900e-001 -9.13046420e-001 -1.38830125e-001 -9.07034576e-001
    3.97510588e-001</data></proj_1_Rmat>
<proj_1_Tvec type_id="opencv-matrix">
  <rows>3</rows>
  <cols>1</cols>
  <dt>f</dt>
  <data>
    -5.68709075e-002 2.92494327e-001 1.03335404e+000</data></proj_1_Tvec>
<proj_2_Rmat type_id="opencv-matrix">
  <rows>3</rows>
  <cols>3</cols>
  <dt>f</dt>
  <data>
    -7.57640541e-001 -1.64979786e-001 -6.31476581e-001 2.68231839e-001
    -9.60748076e-001 -7.08169788e-002 -5.95006406e-001 -2.23036021e-001
    7.72154450e-001</data></proj_2_Rmat>
<proj_2_Tvec type_id="opencv-matrix">
  <rows>3</rows>
  <cols>1</cols>
  <dt>f</dt>
  <data>
    5.55303752e-001 -3.39360565e-001 5.17206967e-001</data></proj_2_Tvec>
<proj_3_Rmat type_id="opencv-matrix">
  <rows>3</rows>
  <cols>3</cols>
  <dt>f</dt>
  <data>
    7.53449380e-001 7.86333978e-002 -6.52786970e-001 -1.61682978e-001
    9.84495401e-001 -6.80247769e-002 6.37316883e-001 1.56797737e-001
    7.54480958e-001</data></proj_3_Rmat>
<proj_3_Tvec type_id="opencv-matrix">
  <rows>3</rows>
  <cols>1</cols>
  <dt>f</dt>
  <data>
    7.61730611e-001 -3.60903054e-001 6.32633626e-001</data></proj_3_Tvec>
<sphere_pose type_id="opencv-matrix">
  <rows>4</rows>
  <cols>1</cols>
  <dt>d</dt>
  <data>
    -5.4788794368505478e-002 -2.0689161494374275e-002
    1.4627829790115356e+000 1.1773945093154907e+000</data></sphere_pose>
</opencv_storage>
