<?xml version="1.0"?>
<opencv_storage>
<proj_0_Rmat type_id="opencv-matrix">
  <rows>3</rows>
  <cols>3</cols>
  <dt>f</dt>
  <data>
    1.80461437e-001 -9.75411892e-001 -1.26511678e-001 7.69181967e-001
    2.20117167e-001 -5.99923134e-001 6.13019466e-001 1.09524578e-002
    7.89991856e-001</data></proj_0_Rmat>
<proj_0_Tvec type_id="opencv-matrix">
  <rows>3</rows>
  <cols>1</cols>
  <dt>f</dt>
  <data>
    2.48237878e-001 3.85099858e-001 8.88862193e-001</data></proj_0_Tvec>
<proj_1_Rmat type_id="opencv-matrix">
  <rows>3</rows>
  <cols>3</cols>
  <dt>f</dt>
  <data>
    9.90666211e-001 6.25864342e-002 1.21092252e-001 3.52502614e-002
    7.40511894e-001 -6.71118140e-001 -1.31673083e-001 6.69122696e-001
    7.31394053e-001</data></proj_1_Rmat>
<proj_1_Tvec type_id="opencv-matrix">
  <rows>3</rows>
  <cols>1</cols>
  <dt>f</dt>
  <data>
    -1.45964131e-001 5.85399270e-001 1.14782059e+000</data></proj_1_Tvec>
<proj_2_Rmat type_id="opencv-matrix">
  <rows>3</rows>
  <cols>3</cols>
  <dt>f</dt>
  <data>
    -2.94381529e-001 9.41899776e-001 1.61753476e-001 -7.53316939e-001
    -1.24545395e-001 -6.45756960e-001 -5.88092744e-001 -3.11950505e-001
    7.46212900e-001</data></proj_2_Rmat>
<proj_2_Tvec type_id="opencv-matrix">
  <rows>3</rows>
  <cols>1</cols>
  <dt>f</dt>
  <data>
    -2.66337365e-001 7.01413214e-001 1.19136393e+000</data></proj_2_Tvec>
<sphere_pose type_id="opencv-matrix">
  <rows>4</rows>
  <cols>1</cols>
  <dt>d</dt>
  <data>
    -1.1242163367569447e-002 1.1951007694005966e-001
    3.4532966613769531e+000 1.6253411769866943e+000</data></sphere_pose>
</opencv_storage>
