<?xml version="1.0"?>
<opencv_storage>
<proj_0_Rmat type_id="opencv-matrix">
  <rows>3</rows>
  <cols>3</cols>
  <dt>f</dt>
  <data>
    9.86556113e-001 -1.63361058e-001 4.49419813e-003 7.89720565e-002
    4.52484399e-001 -8.88268709e-001 1.43074960e-001 8.76681864e-001
    4.59302217e-001</data></proj_0_Rmat>
<proj_0_Tvec type_id="opencv-matrix">
  <rows>3</rows>
  <cols>1</cols>
  <dt>f</dt>
  <data>
    -1.51445260e-002 2.74744123e-001 9.61398125e-001</data></proj_0_Tvec>
<proj_1_Rmat type_id="opencv-matrix">
  <rows>3</rows>
  <cols>3</cols>
  <dt>f</dt>
  <data>
    -7.60639012e-001 -1.96759105e-002 -6.48876727e-001 1.44111931e-001
    -9.79718208e-001 -1.39225781e-001 -6.32977068e-001 -1.99411422e-001
    7.48047411e-001</data></proj_1_Rmat>
<proj_1_Tvec type_id="opencv-matrix">
  <rows>3</rows>
  <cols>1</cols>
  <dt>f</dt>
  <data>
    6.24016404e-001 -2.47416586e-001 5.29414773e-001</data></proj_1_Tvec>
<proj_2_Rmat type_id="opencv-matrix">
  <rows>3</rows>
  <cols>3</cols>
  <dt>f</dt>
  <data>
    7.50141263e-001 3.14335376e-002 -6.60530031e-001 -1.38008863e-001
    9.84315813e-001 -1.09889828e-001 6.46716058e-001 1.73591852e-001
    7.42713928e-001</data></proj_2_Rmat>
<proj_2_Tvec type_id="opencv-matrix">
  <rows>3</rows>
  <cols>1</cols>
  <dt>f</dt>
  <data>
    7.44605005e-001 -3.27109516e-001 6.51387036e-001</data></proj_2_Tvec>
<proj_3_Rmat type_id="opencv-matrix">
  <rows>3</rows>
  <cols>3</cols>
  <dt>f</dt>
  <data>
    -9.95192051e-001 9.23838168e-002 3.25256921e-002 -6.69999421e-002
    -3.99920523e-001 -9.14097607e-001 -7.14400858e-002 -9.11881924e-001
    4.04187500e-001</data></proj_3_Rmat>
<proj_3_Tvec type_id="opencv-matrix">
  <rows>3</rows>
  <cols>1</cols>
  <dt>f</dt>
  <data>
    -2.71175150e-002 2.71603197e-001 1.01712811e+000</data></proj_3_Tvec>
<sphere_pose type_id="opencv-matrix">
  <rows>4</rows>
  <cols>1</cols>
  <dt>d</dt>
  <data>
    -6.3487850129604340e-002 -6.9477438926696777e-002
    1.5068891048431396e+000 1.1199414730072021e+000</data></sphere_pose>
</opencv_storage>
