<?xml version="1.0" encoding="utf-8"?>
<opencv_storage>
   <proj0_param type_id="opencv-matrix">
      <rows>10</rows>
      <cols>1</cols>
      <dt>f</dt>
      <data>1.03144230e+03  1.03810755e+03  5.06093641e+02  7.68385500e+02  1.10561806e+00 -1.08954156e-01  1.24004325e-01 -3.85765681e-02  4.64228017e-02  1.53218323e+00</data>
   </proj0_param>
   <proj1_param type_id="opencv-matrix">
      <rows>10</rows>
      <cols>1</cols>
      <dt>f</dt>
      <data>1.02922108e+03  1.00966727e+03  4.98841483e+02  7.89094850e+02 -9.99498913e-01 -2.92436555e-01  2.87076181e+00  6.79953897e-01 -4.23841421e-01  1.13321259e+00</data>
   </proj1_param>
   <proj2_param type_id="opencv-matrix">
      <rows>10</rows>
      <cols>1</cols>
      <dt>f</dt>
      <data>1.02922108e+03  1.00966727e+03  4.98841483e+02  7.89094850e+02 -9.99498914e-01 -2.92436555e-01  2.87076181e+00  6.79953897e-01 -4.23841421e-01  1.13321259e+00</data>
   </proj2_param>
   <proj3_param type_id="opencv-matrix">
      <rows>10</rows>
      <cols>1</cols>
      <dt>f</dt>
      <data>1.02826050e+03  1.01519600e+03  4.79283222e+02  7.80225828e+02  1.73671962e-01 -7.31481431e-01 -8.60442443e-02  7.97875147e-01 -5.33869832e-01  1.21847209e+00</data>
   </proj3_param>
   <sphere_pose type_id="opencv-matrix">
      <rows>4</rows>
      <cols>1</cols>
      <dt>f</dt>
      <data>8.33191558e-03 -1.27232126e-02  1.69241281e+00  1.53888584e+00</data>
   </sphere_pose>
   <cam_param type_id="opencv-matrix">
      <rows>9</rows>
      <cols>1</cols>
      <dt>f</dt>
      <data>9.08227660e+02  9.03249095e+02  6.26835893e+02  4.91666803e+02 -3.67839874e-01  1.49848207e-01 -3.44058401e-02  5.21880441e-04  7.49181213e-04</data>
   </cam_param>
</opencv_storage>