<?xml version="1.0" encoding="utf-8"?>
<opencv_storage>
   <proj0_param type_id="opencv-matrix">
      <rows>10</rows>
      <cols>1</cols>
      <dt>f</dt>
      <data>1.38319795e+03  1.38186160e+03  5.76571255e+02  8.20542255e+02  4.29658431e-01 -5.63877389e-01  1.28492584e+00  3.81493358e-01  5.65120776e-01  7.59072128e-01</data>
   </proj0_param>
   <proj1_param type_id="opencv-matrix">
      <rows>10</rows>
      <cols>1</cols>
      <dt>f</dt>
      <data>1.41676460e+03  1.41126556e+03  6.08321830e+02  8.07476960e+02  7.37304736e-01  1.72466090e-01 -4.01909232e-03 -1.43186195e-01  7.57186293e-01  1.02954956e+00</data>
   </proj1_param>
   <proj2_param type_id="opencv-matrix">
      <rows>10</rows>
      <cols>1</cols>
      <dt>f</dt>
      <data>1.42619977e+03  1.42560824e+03  5.71689548e+02  8.00202210e+02  3.30197232e-01  8.03303726e-01 -1.72015234e+00 -2.55360018e-01  8.22912511e-01  9.65245575e-01</data>
   </proj2_param>
   <sphere_pose type_id="opencv-matrix">
      <rows>4</rows>
      <cols>1</cols>
      <dt>f</dt>
      <data>-1.26025831e-01  7.76487796e-11  4.10165597e+00  1.78566915e+00</data>
   </sphere_pose>
   <cam_param type_id="opencv-matrix">
      <rows>9</rows>
      <cols>1</cols>
      <dt>f</dt>
      <data>1.06487081e+03  1.06289341e+03  7.06972851e+02  5.29481203e+02 -3.45950772e-01  3.77457291e-01 -4.37396985e-02  4.01370343e-14  6.29272404e-05</data>
   </cam_param>
</opencv_storage>