<?xml version="1.0" encoding="utf-8"?>
<opencv_storage>
   <proj0_param type_id="opencv-matrix">
      <rows>10</rows>
      <cols>1</cols>
      <dt>f</dt>
      <data>1.02534277e+03  1.02097840e+03  5.10516305e+02  7.74054917e+02  1.11688261e+00 -4.12058163e-03 -1.89716619e-01  2.96189750e-01  2.73838664e-01  9.29786233e-01</data>
   </proj0_param>
   <proj1_param type_id="opencv-matrix">
      <rows>10</rows>
      <cols>1</cols>
      <dt>f</dt>
      <data>1.02625034e+03  1.01901229e+03  5.02794672e+02  7.82799545e+02  6.34276064e-01  6.64683151e-01 -4.71447322e-01 -3.67827852e-01  2.20717309e-01  8.38980277e-01</data>
   </proj1_param>
   <proj2_param type_id="opencv-matrix">
      <rows>10</rows>
      <cols>1</cols>
      <dt>f</dt>
      <data>1.01830765e+03  1.01940254e+03  4.97631523e+02  7.69856898e+02  9.40977990e-02  1.65413875e+00 -2.52518806e+00 -1.61599384e-02  2.99503312e-01  9.58638858e-01</data>
   </proj2_param>
   <proj3_param type_id="opencv-matrix">
      <rows>10</rows>
      <cols>1</cols>
      <dt>f</dt>
      <data>1.01751389e+03  1.01462673e+03  4.77287796e+02  7.79358503e+02  1.04352234e+00 -8.58138132e-01  2.57757509e+00 -4.51629508e-01  2.71257575e-02  8.32873665e-01</data>
   </proj3_param>
   <sphere_pose type_id="opencv-matrix">
      <rows>4</rows>
      <cols>1</cols>
      <dt>f</dt>
      <data>3.93865963e-03 -4.62470588e-02  1.47002448e+00  1.06544575e+00</data>
   </sphere_pose>
   <cam_param type_id="opencv-matrix">
      <rows>9</rows>
      <cols>1</cols>
      <dt>f</dt>
      <data>1.04474982e+03  1.04411265e+03  6.34049934e+02  4.88909674e+02 -3.79106315e-01  2.48853952e-01 -1.09653901e-01  6.35682653e-04 -4.75445436e-04</data>
   </cam_param>
</opencv_storage>