<?xml version="1.0" encoding="utf-8"?>
<opencv_storage>
   <proj0_param type_id="opencv-matrix">
      <rows>10</rows>
      <cols>1</cols>
      <dt>f</dt>
      <data>1.02006217e+03  1.03411158e+03  5.07937544e+02  7.53271210e+02  1.10845500e+00 -6.30459768e-02  1.12207397e-02  7.59774451e-02  4.23515648e-01  4.19661812e-01</data>
   </proj0_param>
   <proj1_param type_id="opencv-matrix">
      <rows>10</rows>
      <cols>1</cols>
      <dt>f</dt>
      <data>1.01927145e+03  1.03079744e+03  4.99345335e+02  7.44022509e+02  1.65460399e-01  1.64718341e+00 -2.62482376e+00 -1.95420771e-02  4.45210735e-01  4.68451689e-01</data>
   </proj1_param>
   <proj2_param type_id="opencv-matrix">
      <rows>10</rows>
      <cols>1</cols>
      <dt>f</dt>
      <data>1.01751963e+03  1.00194409e+03  4.88424018e+02  7.90980539e+02 -9.29373876e-01 -2.33221550e-01  2.74132669e+00  5.18249528e-01 -1.84305618e-01  9.26183903e-02</data>
   </proj2_param>
   <proj3_param type_id="opencv-matrix">
      <rows>10</rows>
      <cols>1</cols>
      <dt>f</dt>
      <data>1.02194356e+03  1.00855646e+03  4.74514427e+02  7.72790837e+02  1.73352806e-01 -7.02807282e-01 -1.08662012e-01  6.32090137e-01 -1.81368702e-01  1.62506238e-01</data>
   </proj3_param>
   <sphere_pose type_id="opencv-matrix">
      <rows>4</rows>
      <cols>1</cols>
      <dt>f</dt>
      <data>-5.56099788e-03  3.03242425e-03  1.15289146e+00  6.39990725e-01</data>
   </sphere_pose>
   <cam_param type_id="opencv-matrix">
      <rows>9</rows>
      <cols>1</cols>
      <dt>f</dt>
      <data>1.20054513e+03  1.19527736e+03  6.55045819e+02  4.86166447e+02 -1.79489282e-01 -4.45001854e-02  5.96672790e-01  1.82810728e-03  1.61892346e-03</data>
   </cam_param>
</opencv_storage>