<?xml version="1.0" encoding="utf-8"?>
<opencv_storage>
   <proj0_param type_id="opencv-matrix">
      <rows>10</rows>
      <cols>1</cols>
      <dt>f</dt>
      <data>1.38385078e+03  1.38133215e+03  5.62363583e+02  7.74371664e+02  4.53722282e-01 -5.53755661e-01  1.38614127e+00  3.37257663e-01  3.05818414e-01  1.04856000e+00</data>
   </proj0_param>
   <proj1_param type_id="opencv-matrix">
      <rows>10</rows>
      <cols>1</cols>
      <dt>f</dt>
      <data>1.37875774e+03  1.40183172e+03  5.96898417e+02  7.98234462e+02  7.88927112e-01  1.33590142e-01  6.84106477e-02 -3.83288165e-02  3.53833874e-01  1.19075326e+00</data>
   </proj1_param>
   <proj2_param type_id="opencv-matrix">
      <rows>10</rows>
      <cols>1</cols>
      <dt>f</dt>
      <data>1.33510510e+03  1.32432203e+03  5.72404283e+02  8.07533498e+02  3.85345002e-01  7.62716484e-01 -1.70494843e+00 -1.36746289e-01  5.28861891e-01  1.06130858e+00</data>
   </proj2_param>
   <sphere_pose type_id="opencv-matrix">
      <rows>4</rows>
      <cols>1</cols>
      <dt>f</dt>
      <data>-8.20591109e-02  2.32166928e-01  3.21887787e+00  1.64236862e+00</data>
   </sphere_pose>
   <cam_param type_id="opencv-matrix">
      <rows>9</rows>
      <cols>1</cols>
      <dt>f</dt>
      <data>9.51226118e+02  9.62008817e+02  6.90784405e+02  4.66979298e+02 -3.65403191e-01  1.12483880e-01 -1.09425273e-01  1.43616069e-03 -1.05860493e-03</data>
   </cam_param>
</opencv_storage>