<?xml version="1.0"?>
<opencv_storage>
<nrofframes>15</nrofframes>
<image_width>1280</image_width>
<image_height>800</image_height>
<board_width>10</board_width>
<board_height>8</board_height>
<square_size>1</square_size>
<camera_matrix type_id="opencv-matrix">
  <rows>3</rows>
  <cols>3</cols>
  <dt>d</dt>
  <data>
    1.3999980732394160e+003 0. 5.8470042233806078e+002 0.
    1.4048987204001276e+003 7.8043867075807987e+002 0. 0. 1.</data></camera_matrix>
<distortion_coefficients type_id="opencv-matrix">
  <rows>5</rows>
  <cols>1</cols>
  <dt>d</dt>
  <data>
    1.0718544355427903e-001 -2.5415902032885351e-001
    5.0026923691906023e-004 6.3636070065725887e-004
    1.6714126563274614e-001</data></distortion_coefficients>
<reprojection_error>4.9624374508857727e-001</reprojection_error>
<!-- a set of 6-tuples (rotation vector + translation vector) for each view -->
<extrinsic_parameters type_id="opencv-matrix">
  <rows>15</rows>
  <cols>6</cols>
  <dt>d</dt>
  <data>
    -9.3494176906807308e-002 -8.8995451244455338e-003
    -3.2509640439130794e-002 -9.6722283022217947e+000
    -1.4418975653645115e+001 1.5103409984698768e+001
    -1.3686304749617151e-001 -4.4507852495183270e-001
    -1.1346383209893976e-001 -9.8371746453210296e+000
    -1.4621696773646448e+001 1.0275835004050844e+001
    -1.2677742371852532e-001 2.4526898208383940e-001
    1.0678827527918518e-001 -8.7199789545400996e+000
    -1.5643682651068096e+001 1.8329096682140378e+001
    -5.7248683653046251e-002 -4.4708259726976934e-001
    -2.8720596421802479e-002 -8.1020881753648322e+000
    -1.5796668778430508e+001 1.1848370182013607e+001
    -8.7533376538618868e-002 -1.0986282345961766e-001
    5.7633684730407746e-002 -9.7641429884211650e+000
    -1.5924619985828336e+001 1.6778616188412581e+001
    -2.4834546172908534e-002 2.6492712694831644e-001
    1.7669836946073400e-001 -7.3946970783614061e+000
    -1.6981106419960707e+001 2.0280444428146271e+001
    -5.5129665583226010e-002 2.9610258390455313e-001
    1.6867222304429413e-001 -6.1599222114626784e+000
    -1.6802466426781457e+001 1.9765225455557196e+001
    -2.0238825926515566e-001 2.3987400358163647e-002
    4.5333381423428742e-002 -1.0060224182279120e+001
    -1.4663282493784818e+001 1.7255999299105639e+001
    1.7305187239656686e-003 -3.7021401014751776e-001
    -1.2239291125680816e-002 -7.6702307206332732e+000
    -1.4332520613385078e+001 1.2632880875187951e+001
    -2.7445532402546165e-002 -1.0356238667848411e-001
    2.2920348728574978e-002 -8.7802468434958794e+000
    -1.5341955389296036e+001 1.6707673044804380e+001
    -7.7400125101263886e-002 1.8085349144212098e-001
    3.6934657831075558e-002 -9.7925390909664500e+000
    -1.6135043281065130e+001 2.0015399107486413e+001
    -1.2792036392566436e-001 3.6472653873610789e-001
    5.2385095550528546e-002 -9.2820138929881875e+000
    -1.6321597270929143e+001 2.2499435899914509e+001
    -1.4835552383761323e-002 -2.3434679077432899e-001
    8.6094081489074773e-003 -8.5354835244276206e+000
    -1.6176534520031421e+001 1.3770251572863410e+001
    -8.6480241415931025e-003 -4.8934709361687634e-001
    -6.3273284745438849e-002 -6.1565500281567020e+000
    -1.5371853067645498e+001 1.5942035438839580e+001
    1.5540545284606327e-001 -2.1119231113984560e-001
    8.9047325552132003e-002 -9.0568067241955603e+000
    -1.5691258533594766e+001 1.1010041935806548e+001</data></extrinsic_parameters>
</opencv_storage>
