<?xml version="1.0"?>
<opencv_storage>
<!-- random blobs in camera coordinate system -->
<cam_pts type_id="opencv-matrix">
  <rows>85</rows>
  <cols>2</cols>
  <dt>f</dt>
  <data>
    8.26371887e+002 1.43706772e+002 7.81704285e+002 1.95752411e+002
    7.44884033e+002 2.54356842e+002 7.14859619e+002 3.15103394e+002
    6.88427002e+002 3.78528198e+002 6.65180969e+002 4.43000031e+002
    6.44478455e+002 5.07824249e+002 6.28106812e+002 5.73335266e+002
    6.14434875e+002 6.38235596e+002 6.04067749e+002 7.02748474e+002
    5.98006348e+002 7.66490662e+002 7.86151184e+002 1.21126160e+002
    7.39078613e+002 1.75855530e+002 7.01434631e+002 2.36403458e+002
    6.70464783e+002 2.99213898e+002 6.43482666e+002 3.64721558e+002
    6.20041199e+002 4.31351959e+002 5.99766602e+002 4.98479340e+002
    5.82999939e+002 5.65617371e+002 5.69482849e+002 6.32588013e+002
    5.59802673e+002 6.98919556e+002 5.54526489e+002 7.64673157e+002
    7.45083374e+002 9.98161011e+001 6.95803528e+002 1.56357452e+002
    6.57034790e+002 2.18605408e+002 6.24951782e+002 2.83569366e+002
    5.97259216e+002 3.51041473e+002 5.73508057e+002 4.19935760e+002
    5.53362976e+002 4.89300354e+002 5.36743896e+002 5.58538147e+002
    5.23743469e+002 6.27428833e+002 5.14824707e+002 6.95757629e+002
    5.10596680e+002 7.63660767e+002 6.52171265e+002 1.36870651e+002
    6.11729309e+002 2.01071457e+002 5.78388916e+002 2.68510284e+002
    5.49959534e+002 3.37714447e+002 5.25878784e+002 4.08817871e+002
    5.05768494e+002 4.80438110e+002 4.89499084e+002 5.51953857e+002
    4.77094238e+002 6.23031006e+002 4.69476593e+002 6.92888977e+002
    4.66258759e+002 7.63748352e+002 6.08500854e+002 1.17943794e+002
    5.65737061e+002 1.83781265e+002 5.30985962e+002 2.53615707e+002
    5.01801025e+002 3.24991699e+002 4.77233643e+002 3.98192810e+002
    4.57221985e+002 4.72110596e+002 4.41385101e+002 5.45969543e+002
    4.29992706e+002 6.19358582e+002 4.23362244e+002 6.91723694e+002
    4.21671295e+002 7.64951721e+002 5.64895996e+002 1.00653069e+002
    5.19369690e+002 1.66975372e+002 4.53096802e+002 3.13031311e+002
    4.28119720e+002 3.88421295e+002 4.07987274e+002 4.64607422e+002
    3.93049408e+002 5.40651062e+002 3.82634949e+002 6.16501282e+002
    3.77041443e+002 6.91933655e+002 3.77622589e+002 7.67873718e+002
    4.72940186e+002 1.51518372e+002 4.34031128e+002 2.25022003e+002
    4.03249512e+002 3.01249573e+002 3.78333130e+002 3.79489075e+002
    3.58644501e+002 4.58070007e+002 3.43824829e+002 5.36714539e+002
    3.34472229e+002 6.15434692e+002 3.30789093e+002 6.93785583e+002
    3.34694977e+002 7.73420288e+002 3.86134460e+002 2.12320618e+002
    3.53363647e+002 2.91097931e+002 3.27708313e+002 3.71437347e+002
    3.08265778e+002 4.53011078e+002 2.94435516e+002 5.34555481e+002
    2.86914581e+002 6.16384338e+002 2.86252411e+002 6.98479919e+002
    2.94711243e+002 7.82994873e+002 3.04682983e+002 2.82980591e+002
    2.78169250e+002 3.65946411e+002 2.58906738e+002 4.50103180e+002
    2.46770721e+002 5.34751892e+002 2.41493896e+002 6.20487976e+002
    2.46705048e+002 7.04772339e+002</data></cam_pts>
<!-- blobs in projector coordinate system -->
<proj_pts type_id="opencv-matrix">
  <rows>85</rows>
  <cols>2</cols>
  <dt>f</dt>
  <data>
    1.96769226e+002 7.26363602e+001 2.95153839e+002 7.26363602e+001
    3.93538452e+002 7.26363602e+001 4.91923065e+002 7.26363602e+001
    5.90307678e+002 7.26363602e+001 6.88692261e+002 7.26363602e+001
    7.87076904e+002 7.26363602e+001 8.85461548e+002 7.26363602e+001
    9.83846130e+002 7.26363602e+001 1.08223071e+003 7.26363602e+001
    1.18061536e+003 7.26363602e+001 1.96769226e+002 1.45272720e+002
    2.95153839e+002 1.45272720e+002 3.93538452e+002 1.45272720e+002
    4.91923065e+002 1.45272720e+002 5.90307678e+002 1.45272720e+002
    6.88692261e+002 1.45272720e+002 7.87076904e+002 1.45272720e+002
    8.85461548e+002 1.45272720e+002 9.83846130e+002 1.45272720e+002
    1.08223071e+003 1.45272720e+002 1.18061536e+003 1.45272720e+002
    1.96769226e+002 2.17909088e+002 2.95153839e+002 2.17909088e+002
    3.93538452e+002 2.17909088e+002 4.91923065e+002 2.17909088e+002
    5.90307678e+002 2.17909088e+002 6.88692261e+002 2.17909088e+002
    7.87076904e+002 2.17909088e+002 8.85461548e+002 2.17909088e+002
    9.83846130e+002 2.17909088e+002 1.08223071e+003 2.17909088e+002
    1.18061536e+003 2.17909088e+002 2.95153839e+002 2.90545441e+002
    3.93538452e+002 2.90545441e+002 4.91923065e+002 2.90545441e+002
    5.90307678e+002 2.90545441e+002 6.88692261e+002 2.90545441e+002
    7.87076904e+002 2.90545441e+002 8.85461548e+002 2.90545441e+002
    9.83846130e+002 2.90545441e+002 1.08223071e+003 2.90545441e+002
    1.18061536e+003 2.90545441e+002 2.95153839e+002 3.63181793e+002
    3.93538452e+002 3.63181793e+002 4.91923065e+002 3.63181793e+002
    5.90307678e+002 3.63181793e+002 6.88692261e+002 3.63181793e+002
    7.87076904e+002 3.63181793e+002 8.85461548e+002 3.63181793e+002
    9.83846130e+002 3.63181793e+002 1.08223071e+003 3.63181793e+002
    1.18061536e+003 3.63181793e+002 2.95153839e+002 4.35818176e+002
    3.93538452e+002 4.35818176e+002 5.90307678e+002 4.35818176e+002
    6.88692261e+002 4.35818176e+002 7.87076904e+002 4.35818176e+002
    8.85461548e+002 4.35818176e+002 9.83846130e+002 4.35818176e+002
    1.08223071e+003 4.35818176e+002 1.18061536e+003 4.35818176e+002
    3.93538452e+002 5.08454529e+002 4.91923065e+002 5.08454529e+002
    5.90307678e+002 5.08454529e+002 6.88692261e+002 5.08454529e+002
    7.87076904e+002 5.08454529e+002 8.85461548e+002 5.08454529e+002
    9.83846130e+002 5.08454529e+002 1.08223071e+003 5.08454529e+002
    1.18061536e+003 5.08454529e+002 4.91923065e+002 5.81090881e+002
    5.90307678e+002 5.81090881e+002 6.88692261e+002 5.81090881e+002
    7.87076904e+002 5.81090881e+002 8.85461548e+002 5.81090881e+002
    9.83846130e+002 5.81090881e+002 1.08223071e+003 5.81090881e+002
    1.18061536e+003 5.81090881e+002 5.90307678e+002 6.53727234e+002
    6.88692261e+002 6.53727234e+002 7.87076904e+002 6.53727234e+002
    8.85461548e+002 6.53727234e+002 9.83846130e+002 6.53727234e+002
    1.08223071e+003 6.53727234e+002</data></proj_pts>
</opencv_storage>
