<?xml version="1.0"?>
<opencv_storage>
<!-- random blobs in camera coordinate system -->
<cam_pts type_id="opencv-matrix">
  <rows>178</rows>
  <cols>2</cols>
  <dt>f</dt>
  <data>
    5.73533691e+002 1.16016441e+002 6.19221497e+002 1.04225159e+002
    6.66145569e+002 9.26482925e+001 7.13488831e+002 8.14938354e+001
    7.61031982e+002 7.05942459e+001 8.08339050e+002 6.02824249e+001
    8.56229431e+002 5.02937241e+001 9.03528259e+002 4.04183884e+001
    9.50293213e+002 3.13990574e+001 9.96816833e+002 2.25167599e+001
    5.82625000e+002 1.49038223e+002 6.29606873e+002 1.38147583e+002
    6.77130554e+002 1.27553162e+002 7.25611267e+002 1.17187920e+002
    7.74280029e+002 1.07121048e+002 8.22967346e+002 9.75834198e+001
    8.71965088e+002 8.86344910e+001 9.20811890e+002 7.99997025e+001
    9.69311646e+002 7.19010010e+001 1.01697162e+003 6.42787857e+001
    1.06358752e+003 5.73238258e+001 5.90483276e+002 1.83342270e+002
    6.38134155e+002 1.73421097e+002 6.86508423e+002 1.63717300e+002
    7.36115784e+002 1.54347717e+002 7.85762817e+002 1.45330338e+002
    8.35837891e+002 1.36848892e+002 8.86045471e+002 1.28772736e+002
    9.36179443e+002 1.21291748e+002 9.86358704e+002 1.14247093e+002
    1.03499756e+003 1.07775520e+002 1.08304773e+003 1.01875847e+002
    5.96683594e+002 2.19411636e+002 6.45021179e+002 2.10414612e+002
    6.94630432e+002 2.01659882e+002 7.44856873e+002 1.93234955e+002
    7.95885376e+002 1.85292862e+002 8.46958557e+002 1.77855148e+002
    8.98582336e+002 1.70823441e+002 9.49934082e+002 1.64567993e+002
    1.00086890e+003 1.58672256e+002 1.05144250e+003 1.53597916e+002
    1.10057434e+003 1.48891907e+002 1.14805701e+003 1.45265488e+002
    6.01278992e+002 2.56894714e+002 6.50746765e+002 2.48852783e+002
    7.01039734e+002 2.41213470e+002 7.52266418e+002 2.33963043e+002
    8.04097412e+002 2.27071625e+002 8.56318115e+002 2.20712616e+002
    9.09147400e+002 2.14872086e+002 9.61558289e+002 2.09653015e+002
    1.01362000e+003 2.05196472e+002 1.06542969e+003 2.01402145e+002
    1.11588513e+003 1.98191620e+002 1.16538293e+003 1.95827133e+002
    6.04497070e+002 2.95666199e+002 6.54722839e+002 2.88810822e+002
    7.05914246e+002 2.82258881e+002 7.57924988e+002 2.76159698e+002
    8.10544189e+002 2.70483124e+002 8.63884888e+002 2.65364685e+002
    9.17609375e+002 2.60767303e+002 9.71256470e+002 2.56829071e+002
    1.02439758e+003 2.53724686e+002 1.07741638e+003 2.51313477e+002
    1.12904138e+003 2.49702164e+002 1.17928223e+003 2.48502594e+002
    6.06051819e+002 3.35872986e+002 6.57067749e+002 3.30175781e+002
    7.09045349e+002 3.24944916e+002 7.61723572e+002 3.20055084e+002
    8.15317566e+002 3.15587769e+002 8.69558594e+002 3.11766724e+002
    9.24269104e+002 3.08526276e+002 9.78771484e+002 3.05956940e+002
    1.03315100e+003 3.04061737e+002 1.08669055e+003 3.03166718e+002
    1.13924084e+003 3.03075989e+002 1.19081934e+003 3.03938477e+002
    6.05917053e+002 3.77250458e+002 6.57559021e+002 3.72867645e+002
    7.10387756e+002 3.68879608e+002 7.63917358e+002 3.65253662e+002
    8.18097900e+002 3.62282623e+002 8.73024231e+002 3.59879364e+002
    9.28581848e+002 3.57963196e+002 9.84106934e+002 3.56872681e+002
    1.03913647e+003 3.56559082e+002 1.09373242e+003 3.57059174e+002
    1.14702197e+003 3.58427734e+002 1.19900696e+003 3.60805786e+002
    6.04128235e+002 4.19862305e+002 6.56154053e+002 4.16851196e+002
    7.09714722e+002 4.14161713e+002 7.64091980e+002 4.12011047e+002
    8.18825073e+002 4.10471130e+002 8.74530640e+002 4.09367798e+002
    9.30767883e+002 4.09055176e+002 9.86773376e+002 4.09450073e+002
    1.04275098e+003 4.10690308e+002 1.09802197e+003 4.12762390e+002
    1.15198438e+003 4.16126862e+002 1.20484558e+003 4.20072662e+002
    1.25316528e+003 4.25210999e+002 6.00490356e+002 4.63440552e+002
    6.53104919e+002 4.61953156e+002 7.06948181e+002 4.60854767e+002
    7.61809937e+002 4.60279938e+002 8.17463318e+002 4.59871185e+002
    8.73710876e+002 4.60534729e+002 9.30319336e+002 4.61915192e+002
    9.87143250e+002 4.63936005e+002 1.04339905e+003 4.66711914e+002
    1.09930347e+003 4.70413849e+002 1.15368005e+003 4.75461182e+002
    1.20662927e+003 4.81292999e+002 1.25590259e+003 4.88297089e+002
    5.94599487e+002 5.08246918e+002 6.47834778e+002 5.08162933e+002
    7.02263367e+002 5.08354156e+002 7.57758606e+002 5.09181732e+002
    8.13796021e+002 5.10882843e+002 8.70488892e+002 5.13166077e+002
    9.27588318e+002 5.15930176e+002 9.84515564e+002 5.19644531e+002
    1.04132153e+003 5.24165344e+002 1.09719238e+003 5.29658813e+002
    1.15174939e+003 5.36209900e+002 1.20469434e+003 5.44002563e+002
    5.86547729e+002 5.53731262e+002 6.40339111e+002 5.55105896e+002
    6.95224487e+002 5.56982910e+002 7.50849731e+002 5.59880920e+002
    8.07299744e+002 5.62709595e+002 8.64237244e+002 5.66926941e+002
    9.21860535e+002 5.71199158e+002 9.79198181e+002 5.76687134e+002
    1.03594104e+003 5.82964539e+002 1.09202637e+003 5.90234558e+002
    1.14632324e+003 5.98649658e+002 1.19879614e+003 6.08463562e+002
    5.76741699e+002 5.99668518e+002 6.30398499e+002 6.02842468e+002
    6.85681213e+002 6.06368774e+002 7.41324158e+002 6.10856506e+002
    7.97915771e+002 6.15940491e+002 8.55408752e+002 6.21216553e+002
    9.13013123e+002 6.27618347e+002 9.70568054e+002 6.34756958e+002
    1.02718176e+003 6.42784668e+002 1.08297571e+003 6.51651794e+002
    1.13732471e+003 6.61971497e+002 1.18931934e+003 6.73777100e+002
    5.64366028e+002 6.46114624e+002 6.18453918e+002 6.50779053e+002
    6.73411255e+002 6.56247986e+002 7.29381653e+002 6.62294434e+002
    7.86035828e+002 6.68978210e+002 8.43366943e+002 6.76217529e+002
    9.00937561e+002 6.84263062e+002 9.58111816e+002 6.93428711e+002
    1.01446368e+003 7.03237000e+002 1.07001147e+003 7.14156128e+002
    1.12381555e+003 7.26174194e+002 1.17502063e+003 7.40372070e+002
    5.49643616e+002 6.92622314e+002 6.03466614e+002 6.99116516e+002
    6.58581909e+002 7.06295166e+002 7.14405334e+002 7.14101563e+002
    7.70940979e+002 7.22564575e+002 8.27684204e+002 7.31862610e+002
    8.85188660e+002 7.41673035e+002 9.41830811e+002 7.52293030e+002
    9.97775879e+002 7.64049622e+002 1.05259070e+003 7.76898376e+002
    1.10497974e+003 7.91314880e+002 1.15526331e+003 8.07066406e+002</data></cam_pts>
<!-- blobs in projector coordinate system -->
