<?xml version="1.0"?>
<opencv_storage>
<!-- random blobs in camera coordinate system -->
<cam_pts type_id="opencv-matrix">
  <rows>201</rows>
  <cols>2</cols>
  <dt>f</dt>
  <data>
    7.17412048e+002 8.90861450e+002 6.73215393e+002 9.02174561e+002
    6.28138855e+002 9.13559021e+002 5.82067871e+002 9.24936584e+002
    5.36707703e+002 9.35844727e+002 4.90700653e+002 9.46633728e+002
    4.44931702e+002 9.57566467e+002 3.98998810e+002 9.67889099e+002
    3.53864716e+002 9.78402405e+002 3.08903778e+002 9.88540833e+002
    2.65205170e+002 9.98761047e+002 2.23050812e+002 1.00820056e+003
    7.08301147e+002 8.57668030e+002 6.63084106e+002 8.68175110e+002
    6.17017578e+002 8.78920959e+002 5.70243164e+002 8.89234863e+002
    5.23399536e+002 8.99570679e+002 4.76033966e+002 9.09609375e+002
    4.28873657e+002 9.19467957e+002 3.81157593e+002 9.29018738e+002
    3.34882080e+002 9.38417236e+002 2.88637390e+002 9.47963379e+002
    2.43231979e+002 9.56843811e+002 1.99600418e+002 9.65989441e+002
    1.57603607e+002 9.74906494e+002 1.18140152e+002 9.84424988e+002
    7.00528442e+002 8.23000244e+002 6.54468323e+002 8.32674561e+002
    6.07448914e+002 8.42607605e+002 5.59752380e+002 8.52158142e+002
    5.11745544e+002 8.61561829e+002 4.63293579e+002 8.70852356e+002
    4.14531708e+002 8.79963318e+002 3.65865692e+002 8.88427856e+002
    3.17554321e+002 8.96856262e+002 2.69905640e+002 9.05232910e+002
    2.23159317e+002 9.13131226e+002 1.77663635e+002 9.21246155e+002
    1.34076630e+002 9.28794617e+002 9.26954651e+001 9.36783325e+002
    6.94335144e+002 7.87050354e+002 6.47224487e+002 7.96099426e+002
    5.99499084e+002 8.04799133e+002 5.50674561e+002 8.13596802e+002
    5.01492676e+002 8.21999878e+002 4.51892609e+002 8.30397156e+002
    4.01898987e+002 8.38349304e+002 3.52042969e+002 8.46167175e+002
    3.02405975e+002 8.53581726e+002 2.53094971e+002 8.60674500e+002
    2.05294907e+002 8.67830322e+002 1.58185318e+002 8.74372192e+002
    1.12911888e+002 8.80982971e+002 6.94192123e+001 8.86917786e+002
    2.97300510e+001 8.93404846e+002 6.89210876e+002 7.49701050e+002
    6.41550537e+002 7.57741272e+002 5.92789429e+002 7.65593262e+002
    5.43185730e+002 7.73318909e+002 4.92701965e+002 7.80917419e+002
    4.42092133e+002 7.88175598e+002 3.90976135e+002 7.95189880e+002
    3.39913177e+002 8.01946472e+002 2.89035858e+002 8.08265076e+002
    2.38569672e+002 8.14308228e+002 1.88957230e+002 8.20140747e+002
    1.40641388e+002 8.25436340e+002 9.41019974e+001 8.30618896e+002
    4.90745010e+001 8.35691711e+002 6.85523987e+002 7.11098816e+002
    6.37063721e+002 7.17946472e+002 5.87506653e+002 7.24833862e+002
    5.37083984e+002 7.31577271e+002 4.85645477e+002 7.38020691e+002
    4.33819000e+002 7.44253357e+002 3.81633423e+002 7.50132385e+002
    3.29436920e+002 7.55825378e+002 2.77492004e+002 7.61050964e+002
    2.25742722e+002 7.65938477e+002 1.75067902e+002 7.70358826e+002
    1.25682587e+002 7.74433716e+002 7.76145020e+001 7.77990051e+002
    3.14154835e+001 7.82381104e+002 6.83197754e+002 6.71021118e+002
    6.33912231e+002 6.76852722e+002 5.83516846e+002 6.82609253e+002
    5.32312012e+002 6.88222717e+002 4.80050781e+002 6.93578491e+002
    4.27315002e+002 6.98633850e+002 3.74009613e+002 7.03496582e+002
    3.20788971e+002 7.07848328e+002 2.67826843e+002 7.11911255e+002
    2.15131561e+002 7.15436829e+002 1.63069672e+002 7.18772705e+002
    1.12494621e+002 7.21552612e+002 6.33543587e+001 7.23761169e+002
    1.64849052e+001 7.25643677e+002 6.82242676e+002 6.29950867e+002
    6.32362915e+002 6.34586853e+002 5.81222595e+002 6.39169495e+002
    5.29180847e+002 6.43492249e+002 4.76426910e+002 6.47671631e+002
    4.22712494e+002 6.51466248e+002 3.68370972e+002 6.55089600e+002
    3.14128784e+002 6.58318481e+002 2.60135315e+002 6.61075928e+002
    2.06545563e+002 6.63217712e+002 1.53761292e+002 6.65249573e+002
    1.01948380e+002 6.66590576e+002 5.23373985e+001 6.67393860e+002
    6.82698975e+002 5.87599609e+002 6.32338806e+002 5.91037048e+002
    5.80613647e+002 5.94323364e+002 5.27847534e+002 5.97322876e+002
    4.74244904e+002 6.00196167e+002 4.19877899e+002 6.02839722e+002
    3.64845612e+002 6.05091125e+002 3.09529480e+002 6.06945862e+002
    2.54824020e+002 6.08318848e+002 2.00096573e+002 6.09161255e+002
    1.46628647e+002 6.09846008e+002 9.41100845e+001 6.09361816e+002
    4.32700500e+001 6.09103882e+002 6.84822510e+002 5.44251953e+002
    6.33977234e+002 5.46337524e+002 5.81656555e+002 5.48268066e+002
    5.28202820e+002 5.50036682e+002 4.73936005e+002 5.51452576e+002
    4.18986847e+002 5.52645325e+002 3.63297882e+002 5.53609375e+002
    3.07348907e+002 5.53985229e+002 2.51612625e+002 5.53938660e+002
    1.96337936e+002 5.53560242e+002 1.42207596e+002 5.52600708e+002
    8.90248566e+001 5.50952087e+002 3.77496758e+001 5.48746765e+002
    6.88784302e+002 4.99975311e+002 6.37129639e+002 5.00746033e+002
    5.84381470e+002 5.01270416e+002 5.30451233e+002 5.01419067e+002
    4.75594604e+002 5.01440247e+002 4.20033569e+002 5.01163940e+002
    3.63936157e+002 5.00462463e+002 3.07467957e+002 4.99572571e+002
    2.51303543e+002 4.98107086e+002 1.95306992e+002 4.96106689e+002
    1.40622421e+002 4.93685455e+002 8.72259521e+001 4.90646820e+002
    3.52234955e+001 4.86622742e+002 6.94564209e+002 4.54841095e+002
    6.42238647e+002 4.54282349e+002 5.88915222e+002 4.53342377e+002
    5.34549622e+002 4.51990112e+002 4.79431366e+002 4.50490845e+002
    4.23441803e+002 4.48636810e+002 3.66805176e+002 4.46472260e+002
    3.09880585e+002 4.43942291e+002 2.53505310e+002 4.40922943e+002
    1.97205414e+002 4.37471222e+002 1.42354446e+002 4.33252625e+002
    8.86533279e+001 4.28631165e+002 3.67226868e+001 4.22627380e+002
    7.01522766e+002 4.09506165e+002 6.49651978e+002 4.06984894e+002
    5.95657715e+002 4.04659851e+002 5.41005737e+002 4.01787170e+002
    4.85406738e+002 3.98679382e+002 4.29203217e+002 3.95259949e+002
    3.72166595e+002 3.91462463e+002 3.15031189e+002 3.87248932e+002
    2.58359802e+002 3.82593567e+002 2.02268066e+002 3.77550842e+002
    1.46976639e+002 3.71997559e+002 9.36094818e+001 3.65374512e+002
    4.20879898e+001 3.58070404e+002 7.10720886e+002 3.63404694e+002
    6.58274170e+002 3.59694519e+002 6.04825500e+002 3.55384796e+002
    5.49598572e+002 3.51176697e+002 4.93528534e+002 3.46712646e+002
    4.37434662e+002 3.41302155e+002 3.80325134e+002 3.35819519e+002
    3.23072601e+002 3.29935547e+002 2.66363068e+002 3.23626984e+002
    2.10289474e+002 3.16769653e+002 1.55515335e+002 3.09573608e+002
    1.02436882e+002 3.01526459e+002 5.09770737e+001 2.92149139e+002
    7.22026733e+002 3.17230835e+002 6.69579895e+002 3.11742126e+002
    6.15672852e+002 3.06003052e+002 5.60827454e+002 2.99881897e+002
    5.05018951e+002 2.93471436e+002 4.48484924e+002 2.86733582e+002
    3.91341827e+002 2.79648041e+002 3.34454987e+002 2.72007050e+002
    2.77923553e+002 2.64048370e+002 2.21812592e+002 2.55714355e+002
    1.66972122e+002 2.46633224e+002 1.14536659e+002 2.36640823e+002
    6.42436295e+001 2.25370483e+002</data></cam_pts>
<!-- blobs in projector coordinate system -->
