<?xml version="1.0"?>
<opencv_storage>
<!-- random blobs in camera coordinate system -->
<cam_pts type_id="opencv-matrix">
  <rows>165</rows>
  <cols>2</cols>
  <dt>f</dt>
  <data>
    2.32590302e+002 6.07151794e+002 2.80594482e+002 6.25378784e+002
    3.29935669e+002 6.40993469e+002 3.80166809e+002 6.53871277e+002
    4.31162262e+002 6.64083496e+002 4.82922546e+002 6.71965820e+002
    5.35493896e+002 6.77648682e+002 5.88311707e+002 6.81059570e+002
    6.41262817e+002 6.82253418e+002 6.94389954e+002 6.81031677e+002
    7.47039429e+002 6.77564026e+002 7.99456299e+002 6.71701172e+002
    8.51085388e+002 6.63552246e+002 9.02143311e+002 6.52902771e+002
    9.51926697e+002 6.40278931e+002 1.00044794e+003 6.24713318e+002
    1.04791638e+003 6.06565308e+002 1.09375964e+003 5.85492920e+002
    2.18808929e+002 6.38356934e+002 2.68200928e+002 6.58250732e+002
    3.18941284e+002 6.74850525e+002 3.70830841e+002 6.88831909e+002
    4.23513580e+002 6.99952820e+002 4.77072388e+002 7.08511230e+002
    5.31478027e+002 7.14571289e+002 5.86177917e+002 7.18302979e+002
    6.41041077e+002 7.19618347e+002 6.96099854e+002 7.18504883e+002
    7.50646240e+002 7.14855286e+002 8.04833435e+002 7.08748169e+002
    8.58528320e+002 7.00139465e+002 9.11254639e+002 6.89103088e+002
    9.62664001e+002 6.75450806e+002 1.01285608e+003 6.59009277e+002
    1.06174475e+003 6.39847351e+002 1.10889185e+003 6.17448792e+002
    2.03492737e+002 6.70165894e+002 2.54639038e+002 6.91547180e+002
    3.07028259e+002 7.09415039e+002 3.60683899e+002 7.24604370e+002
    4.15203888e+002 7.36747864e+002 4.70778595e+002 7.46152527e+002
    5.27122925e+002 7.52823669e+002 5.83714844e+002 7.56765259e+002
    6.40680420e+002 7.58385559e+002 6.97771057e+002 7.57312500e+002
    7.54300720e+002 7.53549255e+002 8.10503967e+002 7.47222229e+002
    8.66091797e+002 7.38267883e+002 9.20650146e+002 7.26553833e+002
    9.73834595e+002 7.11631836e+002 1.02570459e+003 6.94299744e+002
    1.07622009e+003 6.73969727e+002 1.12520984e+003 6.49967957e+002
    1.87213531e+002 7.01846680e+002 2.40034241e+002 7.25029053e+002
    2.94331146e+002 7.44730469e+002 3.49793304e+002 7.61191406e+002
    4.06376038e+002 7.74689026e+002 4.63776031e+002 7.84934021e+002
    5.22214478e+002 7.92398560e+002 5.80939575e+002 7.96838074e+002
    6.40013245e+002 7.98489746e+002 6.99218201e+002 7.97448425e+002
    7.57937317e+002 7.93639160e+002 8.16178345e+002 7.86915649e+002
    8.73789185e+002 7.77094727e+002 9.30242554e+002 7.64570679e+002
    9.85437866e+002 7.48950195e+002 1.03886633e+003 7.30363281e+002
    1.09155139e+003 7.08251282e+002 1.14225903e+003 6.83079590e+002
    1.69619461e+002 7.34096436e+002 2.24286789e+002 7.59649170e+002
    2.80416992e+002 7.80934509e+002 3.37993256e+002 7.99188721e+002
    3.96665375e+002 8.13534241e+002 4.56317902e+002 8.24950623e+002
    5.16806030e+002 8.33233521e+002 5.77929871e+002 8.38033081e+002
    6.39073364e+002 8.39839905e+002 7.00564880e+002 8.38922302e+002
    7.61495789e+002 8.34919861e+002 8.22091980e+002 8.27853577e+002
    8.81875854e+002 8.17693298e+002 9.40355469e+002 8.04142151e+002
    9.97586121e+002 7.87664001e+002 1.05332617e+003 7.67513489e+002
    1.10746411e+003 7.44321106e+002 1.15964600e+003 7.15861938e+002
    1.50148651e+002 7.65951843e+002 2.06922684e+002 7.94195313e+002
    2.65469574e+002 8.17717590e+002 3.25307953e+002 8.37351318e+002
    3.85869232e+002 8.53424805e+002 4.47808777e+002 8.65912109e+002
    5.10855957e+002 8.74923462e+002 5.74201477e+002 8.80625366e+002
    6.37824585e+002 8.82878540e+002 7.01712830e+002 8.81883972e+002
    7.65096680e+002 8.77592041e+002 8.27998596e+002 8.70125610e+002
    8.90159119e+002 8.59189941e+002 9.51057007e+002 8.44644226e+002
    1.01023303e+003 8.26711792e+002 1.06809338e+003 8.05590820e+002
    1.12418701e+003 7.79451355e+002 1.17830823e+003 7.49591797e+002
    1.29360107e+002 7.96922607e+002 1.88555054e+002 8.28444641e+002
    2.49052780e+002 8.54704590e+002 3.11174988e+002 8.76650940e+002
    3.74383057e+002 8.94413147e+002 4.38524902e+002 9.07706482e+002
    5.03907471e+002 9.17889404e+002 5.70125916e+002 9.24303894e+002
    6.36298462e+002 9.27002502e+002 7.02904053e+002 9.25989319e+002
    7.68828247e+002 9.21435791e+002 8.34112732e+002 9.13358276e+002
    8.98759033e+002 9.01891541e+002 9.61891968e+002 8.86096863e+002
    1.02332800e+003 8.67078430e+002 1.08304272e+003 8.43503967e+002
    1.14189050e+003 8.15309509e+002 1.19806506e+003 7.82764587e+002
    1.05860741e+002 8.27006958e+002 1.67585373e+002 8.62212769e+002
    2.30771896e+002 8.91607971e+002 2.95700745e+002 9.15818970e+002
    3.61287018e+002 9.35202087e+002 4.28320282e+002 9.50597961e+002
    4.96456818e+002 9.61761902e+002 5.65105530e+002 9.68871887e+002
    6.34048767e+002 9.72105408e+002 7.03232483e+002 9.71270752e+002
    7.72094238e+002 9.66489990e+002 8.40228821e+002 9.57921692e+002
    9.07431030e+002 9.45689270e+002 9.72972839e+002 9.28892151e+002
    1.03760352e+003 9.07622620e+002 1.09986304e+003 8.82101318e+002
    1.16028394e+003 8.51179871e+002 1.21934924e+003 8.15193726e+002
    7.92480087e+001 8.54663574e+002 2.10780548e+002 9.27575745e+002
    2.78166565e+002 9.54903259e+002 3.46435791e+002 9.76739319e+002
    4.16371185e+002 9.93775208e+002 4.87570740e+002 1.00620935e+003
    8.46399719e+002 1.00322675e+003 9.16529785e+002 9.90003296e+002
    9.85437988e+002 9.71293335e+002 1.05227502e+003 9.48088928e+002
    1.11700012e+003 9.20698792e+002 1.18104834e+003 8.85879150e+002
    1.24240881e+003 8.45812988e+002 1.87710709e+002 9.62905396e+002
    2.58170410e+002 9.93936646e+002 1.06746448e+003 9.88857300e+002
    1.13607959e+003 9.58045349e+002 1.20302869e+003 9.19781616e+002
    1.59986328e+002 9.94510803e+002 1.15690784e+003 9.94255737e+002
    1.22727832e+003 9.50521973e+002</data></cam_pts>
<!-- blobs in projector coordinate system -->
