<?xml version="1.0"?>
<opencv_storage>
<!-- random blobs in camera coordinate system -->
<cam_pts type_id="opencv-matrix">
  <rows>136</rows>
  <cols>2</cols>
  <dt>f</dt>
  <data>
    9.69620972e+002 3.27133209e+002 9.21161194e+002 3.15518341e+002
    8.71407104e+002 3.06015259e+002 8.20589966e+002 2.99171387e+002
    7.68834351e+002 2.94564850e+002 7.16516724e+002 2.92205322e+002
    6.63302551e+002 2.92382019e+002 6.10049438e+002 2.95017670e+002
    5.56634583e+002 3.00385864e+002 5.03243195e+002 3.08139252e+002
    4.50333038e+002 3.18482941e+002 3.97752136e+002 3.32081848e+002
    3.45966858e+002 3.48413391e+002 2.95123383e+002 3.67397034e+002
    2.45625397e+002 3.90056732e+002 1.97579559e+002 4.15944519e+002
    1.50664993e+002 4.46183624e+002 1.05521332e+002 4.80480438e+002
    9.81546021e+002 2.93475769e+002 9.31403137e+002 2.80373199e+002
    8.80028137e+002 2.70281433e+002 8.27381836e+002 2.62529144e+002
    7.73915405e+002 2.57319946e+002 7.19636902e+002 2.54671997e+002
    6.64645630e+002 2.54486664e+002 6.09245178e+002 2.57014893e+002
    5.53943909e+002 2.62374176e+002 4.98534363e+002 2.70522797e+002
    4.43695557e+002 2.81334015e+002 3.89169189e+002 2.95388885e+002
    3.35434570e+002 3.12280365e+002 2.82973694e+002 3.32449036e+002
    2.31624466e+002 3.56209717e+002 1.81757507e+002 3.83942444e+002
    1.33064636e+002 4.16135345e+002 8.66482010e+001 4.52807373e+002
    9.94058960e+002 2.58985260e+002 9.42390991e+002 2.44793396e+002
    8.89176880e+002 2.33447510e+002 8.34719910e+002 2.24838531e+002
    7.79246033e+002 2.18928024e+002 7.23066101e+002 2.15844406e+002
    6.65969543e+002 2.15470795e+002 6.08615112e+002 2.17876205e+002
    5.51187439e+002 2.23255844e+002 4.93660217e+002 2.31618286e+002
    4.36595642e+002 2.42922089e+002 3.80143463e+002 2.57260010e+002
    3.24401733e+002 2.75343689e+002 2.69830200e+002 2.96781464e+002
    2.16676132e+002 3.22110901e+002 1.65046494e+002 3.51840271e+002
    1.14220367e+002 3.85920166e+002 6.63436127e+001 4.25986084e+002
    1.00720795e+003 2.23965958e+002 9.53867859e+002 2.08128647e+002
    8.98903687e+002 1.95526535e+002 8.42513489e+002 1.86026062e+002
    7.85045715e+002 1.79360764e+002 7.26796265e+002 1.75721100e+002
    6.67521362e+002 1.75032944e+002 6.07979858e+002 1.77272598e+002
    5.48248291e+002 1.82657272e+002 4.88426910e+002 1.91358673e+002
    4.29245453e+002 2.02938309e+002 3.70622192e+002 2.18488831e+002
    3.12877319e+002 2.37473953e+002 2.56241333e+002 2.60325165e+002
    2.01028656e+002 2.86754547e+002 1.47050156e+002 3.18956604e+002
    9.53270798e+001 3.56008331e+002 4.51179161e+001 3.99627960e+002
    1.02162598e+003 1.88050034e+002 9.66280334e+002 1.70678085e+002
    9.09284607e+002 1.56974396e+002 8.50927002e+002 1.46123749e+002
    7.91479980e+002 1.38301605e+002 7.30758057e+002 1.34144852e+002
    6.69327515e+002 1.33256714e+002 6.07322021e+002 1.35443344e+002
    5.45239075e+002 1.40916550e+002 4.83062286e+002 1.49814789e+002
    4.21445557e+002 1.62267303e+002 3.60529999e+002 1.78448288e+002
    3.00339722e+002 1.98232834e+002 2.41638290e+002 2.23217819e+002
    1.84152191e+002 2.51640686e+002 1.28442505e+002 2.85905548e+002
    7.43869171e+001 3.26537201e+002 2.23443680e+001 3.74437042e+002
    1.03691907e+003 1.51675873e+002 9.79490173e+002 1.32738434e+002
    9.20660461e+002 1.17217560e+002 8.59984436e+002 1.05255630e+002
    7.98140747e+002 9.65843506e+001 7.35178345e+002 9.16974335e+001
    6.71224792e+002 9.02575836e+001 6.06684937e+002 9.22959900e+001
    5.42039063e+002 9.77862167e+001 4.77481415e+002 1.06909966e+002
    4.13280212e+002 1.20473793e+002 3.49758270e+002 1.37639694e+002
    2.87292419e+002 1.58924088e+002 2.25970764e+002 1.85083496e+002
    1.66594574e+002 2.15707687e+002 1.08180374e+002 2.53385269e+002
    1.05341138e+003 1.15700623e+002 9.94076477e+002 9.43383102e+001
    9.32654480e+002 7.68146210e+001 8.69831787e+002 6.36346970e+001
    8.05554932e+002 5.39242668e+001 7.39919983e+002 4.79967690e+001
    6.73342041e+002 4.58664818e+001 6.06173340e+002 4.78308907e+001
    5.38862183e+002 5.37246246e+001 4.71500183e+002 6.32693176e+001
    4.04592712e+002 7.74783936e+001 3.38457520e+002 9.59327927e+001
    2.73463989e+002 1.18542908e+002 2.09355255e+002 1.47159241e+002
    1.47081940e+002 1.81246094e+002 8.62857132e+001 2.20973038e+002
    1.07102844e+003 7.88730164e+001 1.00952087e+003 5.54934273e+001
    9.45339294e+002 3.61711044e+001 8.80112854e+002 2.11785412e+001
    8.13332092e+002 1.03789053e+001 4.65098114e+002 1.86726799e+001
    3.95241821e+002 3.38991508e+001 3.26081940e+002 5.32153244e+001
    2.57928467e+002 7.84028931e+001 1.91176926e+002 1.08604767e+002
    1.25646355e+002 1.45516998e+002 1.09106079e+003 4.33031616e+001
    1.02669226e+003 1.70924435e+001 1.72053024e+002 7.08453751e+001</data></cam_pts>
<!-- blobs in projector coordinate system -->
