<?xml version="1.0"?>
<opencv_storage>
<!-- random blobs in camera coordinate system -->
<cam_pts type_id="opencv-matrix">
  <rows>165</rows>
  <cols>2</cols>
  <dt>f</dt>
  <data>
    2.60081482e+002 6.66319031e+002 3.08944366e+002 6.76428406e+002
    3.58887878e+002 6.83937561e+002 4.09616089e+002 6.88803040e+002
    4.60965942e+002 6.91214661e+002 5.12823853e+002 6.91326050e+002
    5.65268616e+002 6.89253967e+002 6.17841736e+002 6.85021179e+002
    6.70130859e+002 6.78296692e+002 7.22416992e+002 6.69336975e+002
    7.73931335e+002 6.58247192e+002 8.25112732e+002 6.44706787e+002
    8.75721069e+002 6.28608276e+002 9.24706665e+002 6.10636780e+002
    9.72515320e+002 5.90148315e+002 1.01910492e+003 5.66439087e+002
    1.06429114e+003 5.40756836e+002 1.10703955e+003 5.12209778e+002
    2.50636795e+002 6.99742126e+002 3.01148743e+002 7.10941284e+002
    3.52926575e+002 7.19426086e+002 4.05390503e+002 7.25271851e+002
    4.58579559e+002 7.28256531e+002 5.12153076e+002 7.28526428e+002
    5.66478577e+002 7.26442993e+002 6.20877808e+002 7.22178894e+002
    6.75181763e+002 7.15438049e+002 7.29393982e+002 7.06170166e+002
    7.82818542e+002 6.94520691e+002 8.35787170e+002 6.80494507e+002
    8.88007324e+002 6.63840271e+002 9.38800354e+002 6.44740356e+002
    9.88087646e+002 6.22882629e+002 1.03594690e+003 5.98235596e+002
    1.08241602e+003 5.70635254e+002 1.12696265e+003 5.40554260e+002
    2.40668839e+002 7.34186584e+002 2.92788605e+002 7.46640076e+002
    3.46288391e+002 7.55930786e+002 4.00800598e+002 7.62523987e+002
    4.55727570e+002 7.66132874e+002 5.11480469e+002 7.66976807e+002
    5.67640381e+002 7.65023254e+002 6.24090393e+002 7.60724792e+002
    6.80376648e+002 7.53847717e+002 7.36650146e+002 7.44297607e+002
    7.92051636e+002 7.32125305e+002 8.46889221e+002 7.17190125e+002
    9.00758789e+002 6.99737305e+002 9.53342285e+002 6.79480591e+002
    1.00424597e+003 6.56689697e+002 1.05388501e+003 6.30646790e+002
    1.10153540e+003 6.01275940e+002 1.14732629e+003 5.68821716e+002
    2.29526062e+002 7.69275146e+002 2.84058228e+002 7.82928833e+002
    3.39266968e+002 7.93451416e+002 3.95695160e+002 8.00891479e+002
    4.52671356e+002 8.05275391e+002 5.10431763e+002 8.06712402e+002
    5.68778564e+002 8.05015686e+002 6.27317139e+002 8.00647705e+002
    6.85629639e+002 7.93598267e+002 7.44069519e+002 7.83617004e+002
    8.01504761e+002 7.71048584e+002 8.58453613e+002 7.55303650e+002
    9.14269226e+002 7.36760681e+002 9.68523560e+002 7.15355042e+002
    1.02141187e+003 6.91182190e+002 1.07271936e+003 6.63561401e+002
    1.12194324e+003 6.32315369e+002 1.16954248e+003 5.97252075e+002
    2.18002975e+002 8.04913391e+002 2.74287750e+002 8.20150696e+002
    3.31405243e+002 8.32104248e+002 3.90015106e+002 8.40496826e+002
    4.49198730e+002 8.45784607e+002 5.09246246e+002 8.47482910e+002
    5.69913513e+002 8.46327393e+002 6.30562317e+002 8.41823914e+002
    6.91356689e+002 8.34627075e+002 7.51781006e+002 8.24669189e+002
    8.11574951e+002 8.11157349e+002 8.70560242e+002 7.94695862e+002
    9.28411743e+002 7.74912170e+002 9.84571106e+002 7.52475159e+002
    1.03930737e+003 7.26626587e+002 1.09230786e+003 6.96772095e+002
    1.14343457e+003 6.63246338e+002 1.19191199e+003 6.26014404e+002
    2.05050919e+002 8.40725586e+002 2.63411560e+002 8.58448547e+002
    3.23292084e+002 8.71666748e+002 3.83791595e+002 8.81111938e+002
    4.45331940e+002 8.87105713e+002 5.07709991e+002 8.89616760e+002
    5.70789673e+002 8.88958374e+002 6.33951904e+002 8.84526184e+002
    6.97109619e+002 8.77058838e+002 7.59979431e+002 8.66320496e+002
    8.21941040e+002 8.52460693e+002 8.83109619e+002 8.34947266e+002
    9.43189331e+002 8.14291260e+002 1.00162213e+003 7.90529602e+002
    1.05861670e+003 7.62612549e+002 1.11321680e+003 7.30615906e+002
    1.16626367e+003 6.94234497e+002 1.21598962e+003 6.53635864e+002
    1.90683884e+002 8.76815796e+002 2.51876892e+002 8.96736572e+002
    3.13678711e+002 9.11571899e+002 3.76782745e+002 9.22663025e+002
    4.40856628e+002 9.29610046e+002 5.05726440e+002 9.32824524e+002
    5.71374695e+002 9.32327759e+002 6.37038208e+002 9.28531677e+002
    7.02700073e+002 9.20762146e+002 7.68341675e+002 9.09588684e+002
    8.32795044e+002 8.95005798e+002 8.96249634e+002 8.76547974e+002
    9.58679688e+002 8.54124512e+002 1.01925256e+003 8.28745422e+002
    1.07814026e+003 7.98678101e+002 1.13482092e+003 7.64494446e+002
    1.18978003e+003 7.25743835e+002 1.24163611e+003 6.80471191e+002
    1.74514725e+002 9.12547974e+002 2.38428528e+002 9.35081909e+002
    3.02838440e+002 9.51813538e+002 3.68879883e+002 9.64448425e+002
    4.35966553e+002 9.72638794e+002 5.03157867e+002 9.77208923e+002
    5.71750244e+002 9.77461609e+002 6.40217590e+002 9.73526917e+002
    7.08689880e+002 9.65548096e+002 7.76882996e+002 9.53566895e+002
    8.43849854e+002 9.38207397e+002 9.10336243e+002 9.18713745e+002
    9.75296875e+002 8.94726379e+002 1.03818933e+003 8.66932556e+002
    1.10000671e+003 8.34765625e+002 1.15835168e+003 7.97775146e+002
    1.21472375e+003 7.55032410e+002 1.56162292e+002 9.46811951e+002
    2.23293304e+002 9.73029602e+002 2.91130157e+002 9.92618225e+002
    3.59702179e+002 1.00687659e+003 7.14379639e+002 1.01158777e+003
    7.85608582e+002 9.99072754e+002 8.56014099e+002 9.82688477e+002
    9.25115479e+002 9.61959229e+002 9.92895691e+002 9.36179138e+002
    1.05827710e+003 9.06294434e+002 1.12217297e+003 8.70955994e+002
    1.18384534e+003 8.30418518e+002 1.24236365e+003 7.82552063e+002
    1.34507675e+002 9.79826294e+002 2.05190491e+002 1.00912091e+003
    9.40857971e+002 1.00527008e+003 1.01155664e+003 9.77315430e+002
    1.08001770e+003 9.45000427e+002 1.14626941e+003 9.05972717e+002
    1.21053577e+003 8.60318787e+002 1.10354236e+003 9.82253479e+002
    1.17293555e+003 9.38889465e+002</data></cam_pts>
<!-- blobs in projector coordinate system -->
