<?xml version="1.0"?>
<opencv_storage>
<!-- random blobs in camera coordinate system -->
<cam_pts type_id="opencv-matrix">
  <rows>165</rows>
  <cols>2</cols>
  <dt>f</dt>
  <data>
    2.33368057e+002 6.05626221e+002 2.81218903e+002 6.23703491e+002
    3.30502167e+002 6.39261719e+002 3.80663483e+002 6.51956726e+002
    4.31697449e+002 6.62134583e+002 4.83550568e+002 6.69964661e+002
    5.36021851e+002 6.75593140e+002 5.88771606e+002 6.79079956e+002
    6.41653931e+002 6.80170715e+002 6.94740540e+002 6.78992004e+002
    7.47474854e+002 6.75515747e+002 7.99773010e+002 6.69614868e+002
    8.51456238e+002 6.61506470e+002 9.02500854e+002 6.50661255e+002
    9.52093750e+002 6.37890442e+002 1.00065381e+003 6.22244446e+002
    1.04792346e+003 6.04132996e+002 1.09401819e+003 5.83746277e+002
    2.19038162e+002 6.36789246e+002 2.68840546e+002 6.56664001e+002
    3.19464020e+002 6.73109680e+002 3.71419952e+002 6.87023865e+002
    4.24080353e+002 6.98049927e+002 4.77630890e+002 7.06608887e+002
    5.31983704e+002 7.12608521e+002 5.86684326e+002 7.16312439e+002
    6.41492798e+002 7.17612732e+002 6.96539001e+002 7.16439636e+002
    7.51071411e+002 7.12802429e+002 8.05253418e+002 7.06777405e+002
    8.58923218e+002 6.98099243e+002 9.11534180e+002 6.86979126e+002
    9.63052856e+002 6.73237305e+002 1.01323523e+003 6.56794983e+002
    1.06203613e+003 6.37544128e+002 1.10938110e+003 6.14991821e+002
    2.04266876e+002 6.68424500e+002 2.55315643e+002 6.89481445e+002
    3.07784210e+002 7.07628601e+002 3.61267700e+002 7.22727966e+002
    4.15891357e+002 7.34866028e+002 4.71336548e+002 7.44385559e+002
    5.27601501e+002 7.50859009e+002 5.84220093e+002 7.54822266e+002
    6.41225403e+002 7.56341919e+002 6.98236206e+002 7.55237854e+002
    7.54756409e+002 7.51588440e+002 8.10928040e+002 7.45227966e+002
    8.66500916e+002 7.36030334e+002 9.20869446e+002 7.24160889e+002
    9.74077271e+002 7.09560120e+002 1.02623218e+003 6.92303223e+002
    1.07685107e+003 6.71508423e+002 1.12555322e+003 6.47571899e+002
    1.87877167e+002 7.00477417e+002 2.40911484e+002 7.23873352e+002
    2.94848541e+002 7.43070251e+002 3.50570862e+002 7.59676575e+002
    4.07070251e+002 7.72862366e+002 4.64486908e+002 7.83050232e+002
    5.22803955e+002 7.90427612e+002 5.81521362e+002 7.94760010e+002
    6.40583618e+002 7.96520142e+002 6.99712891e+002 7.95511658e+002
    7.58385559e+002 7.91516052e+002 8.16739807e+002 7.84844482e+002
    8.74279236e+002 7.74892273e+002 9.30662537e+002 7.62397217e+002
    9.85709778e+002 7.46990601e+002 1.03935193e+003 7.28312744e+002
    1.09177539e+003 7.06229492e+002 1.14228699e+003 6.80943054e+002
    1.70219437e+002 7.32715271e+002 2.24866898e+002 7.57686401e+002
    2.81224609e+002 7.79437683e+002 3.38625519e+002 7.97263123e+002
    3.97362946e+002 8.11773682e+002 4.56972473e+002 8.23067444e+002
    5.17395996e+002 8.31263794e+002 5.78507813e+002 8.36110352e+002
    6.39665771e+002 8.37924561e+002 7.01114441e+002 8.36976929e+002
    7.61983154e+002 8.32928833e+002 8.22573730e+002 8.25958496e+002
    8.82354309e+002 8.15631287e+002 9.40801575e+002 8.02032532e+002
    9.97949036e+002 7.85453796e+002 1.05377612e+003 7.65379333e+002
    1.10778760e+003 7.41556396e+002 1.15954382e+003 7.13880676e+002
    1.50878662e+002 7.64535706e+002 2.07977875e+002 7.92524902e+002
    2.66140930e+002 8.16192505e+002 3.25973053e+002 8.35749512e+002
    3.86638397e+002 8.51494812e+002 4.48626343e+002 8.63907104e+002
    5.11459808e+002 8.73023499e+002 5.74870972e+002 8.78653381e+002
    6.38467224e+002 8.80855835e+002 7.02332703e+002 8.79848450e+002
    7.65598267e+002 8.75592285e+002 8.28597046e+002 8.68076416e+002
    8.90657593e+002 8.57146057e+002 9.51210938e+002 8.42677002e+002
    1.01055042e+003 8.24624878e+002 1.06852979e+003 8.03030396e+002
    1.12450269e+003 7.77695068e+002 1.17885474e+003 7.47323059e+002
    1.30141296e+002 7.95832336e+002 1.88885651e+002 8.26940857e+002
    2.49927719e+002 8.53076355e+002 3.11774750e+002 8.74890320e+002
    3.75072144e+002 8.92340759e+002 4.39229340e+002 9.05882019e+002
    5.04674042e+002 9.16030579e+002 5.70708313e+002 9.22422485e+002
    6.36930664e+002 9.25003174e+002 7.03176270e+002 9.23967651e+002
    7.69253906e+002 9.19510681e+002 8.34794617e+002 9.11555908e+002
    8.99277283e+002 8.99845154e+002 9.62375732e+002 8.84085083e+002
    1.02404077e+003 8.65021362e+002 1.08359949e+003 8.41469910e+002
    1.14225488e+003 8.13233643e+002 1.19852051e+003 7.80309143e+002
    1.07280724e+002 8.25947815e+002 1.68538437e+002 8.60997437e+002
    2.31967316e+002 8.90357056e+002 2.96113770e+002 9.14201782e+002
    3.62021332e+002 9.33559265e+002 4.29189240e+002 9.48608887e+002
    4.97087677e+002 9.59799316e+002 5.65878540e+002 9.67245972e+002
    6.34510803e+002 9.70263245e+002 7.03993042e+002 9.69303467e+002
    7.72731323e+002 9.64606445e+002 8.40735596e+002 9.55834106e+002
    9.07856506e+002 9.43592407e+002 9.73692200e+002 9.26642395e+002
    1.03775330e+003 9.05725403e+002 1.10030383e+003 8.80086609e+002
    1.16088831e+003 8.49175720e+002 1.21990674e+003 8.13152588e+002
    8.05018768e+001 8.53437378e+002 1.45129547e+002 8.93469788e+002
    2.11586746e+002 9.26322693e+002 2.78836578e+002 9.53649841e+002
    3.47680511e+002 9.74993896e+002 4.17324524e+002 9.92133728e+002
    4.88576202e+002 1.00465540e+003 5.60008057e+002 1.01309204e+003
    7.75888550e+002 1.01081104e+003 8.47102478e+002 1.00139893e+003
    9.16851990e+002 9.88014282e+002 9.85555176e+002 9.69658020e+002
    1.05225867e+003 9.46462341e+002 1.11770557e+003 9.18778931e+002
    1.18118994e+003 8.84127808e+002 1.18575722e+002 9.23487366e+002
    1.88483856e+002 9.61337830e+002 2.59563995e+002 9.92703125e+002
    9.98653992e+002 1.01255292e+003 1.06791431e+003 9.86985596e+002
    1.13633655e+003 9.56020203e+002</data></cam_pts>
<!-- blobs in projector coordinate system -->
