<?xml version="1.0"?>
<opencv_storage>
<!-- random blobs in camera coordinate system -->
<cam_pts type_id="opencv-matrix">
  <rows>198</rows>
  <cols>2</cols>
  <dt>f</dt>
  <data>
    7.32836304e+002 8.95142029e+002 6.89056824e+002 9.06769165e+002
    6.44014893e+002 9.18523987e+002 5.98328308e+002 9.29990540e+002
    5.52414795e+002 9.41033997e+002 5.06816772e+002 9.52345398e+002
    4.60657440e+002 9.62907349e+002 4.15160889e+002 9.73961914e+002
    3.69857513e+002 9.84549500e+002 3.25057556e+002 9.94713013e+002
    2.81287445e+002 1.00501453e+003 7.23860352e+002 8.62263855e+002
    6.78982422e+002 8.72903931e+002 6.32814819e+002 8.83733887e+002
    5.86165833e+002 8.94312866e+002 5.39201965e+002 9.04843872e+002
    4.92231201e+002 9.14987732e+002 4.44539703e+002 9.25204773e+002
    3.97274139e+002 9.35090576e+002 3.50724243e+002 9.44931458e+002
    3.04619659e+002 9.54067871e+002 2.59071289e+002 9.63301208e+002
    2.15610397e+002 9.72782898e+002 1.73745804e+002 9.81958313e+002
    7.16298401e+002 8.27499023e+002 6.70383606e+002 8.37599915e+002
    6.23240723e+002 8.47580078e+002 5.75416382e+002 8.57347900e+002
    5.27403503e+002 8.67058899e+002 4.79098145e+002 8.76506775e+002
    4.30117859e+002 8.85706604e+002 3.81433014e+002 8.94510071e+002
    3.33186920e+002 9.03060059e+002 2.85509369e+002 9.11851135e+002
    2.38881821e+002 9.19835999e+002 1.93562576e+002 9.28066223e+002
    1.49811798e+002 9.35779114e+002 7.09569153e+002 7.91532776e+002
    6.62863770e+002 8.00813293e+002 6.14997131e+002 8.09813599e+002
    5.66120483e+002 8.18773682e+002 5.17007202e+002 8.27609924e+002
    4.67440918e+002 8.35990479e+002 4.17670013e+002 8.44500793e+002
    3.67598358e+002 8.52292114e+002 3.18056213e+002 8.59815857e+002
    2.68802979e+002 8.67236938e+002 2.20821884e+002 8.74426453e+002
    1.73664963e+002 8.81077820e+002 1.28413696e+002 8.87798035e+002
    7.04533142e+002 7.54153809e+002 6.56670837e+002 7.62418457e+002
    6.08195618e+002 7.70628357e+002 5.58526733e+002 7.78667175e+002
    5.08140808e+002 7.86434204e+002 4.57374176e+002 7.94008728e+002
    4.06299713e+002 8.01195374e+002 3.55250031e+002 8.08188599e+002
    3.04452789e+002 8.14720459e+002 2.53925659e+002 8.21066772e+002
    2.04439224e+002 8.26672241e+002 1.56288559e+002 8.32540405e+002
    1.09298950e+002 8.37760681e+002 6.44715271e+001 8.42685425e+002
    7.00613159e+002 7.15662415e+002 6.52107544e+002 7.22786316e+002
    6.02703735e+002 7.29862183e+002 5.52245544e+002 7.36945190e+002
    5.00915466e+002 7.43648010e+002 4.49027039e+002 7.50176514e+002
    3.96822754e+002 7.56241516e+002 3.44669006e+002 7.62118835e+002
    2.92703583e+002 7.67626465e+002 2.40824753e+002 7.72644592e+002
    1.90180649e+002 7.77385620e+002 1.40446472e+002 7.81663147e+002
    9.24365692e+001 7.85608215e+002 4.65402412e+001 7.89333679e+002
    6.98161316e+002 6.75697388e+002 6.48920898e+002 6.81712769e+002
    5.98544617e+002 6.87799622e+002 5.47407227e+002 6.93563599e+002
    4.95252167e+002 6.99200928e+002 4.42360443e+002 7.04553833e+002
    3.89062164e+002 7.09685242e+002 3.35727173e+002 7.14300964e+002
    2.82818329e+002 7.18542664e+002 2.29892746e+002 7.22407959e+002
    1.78045059e+002 7.25591675e+002 1.27203888e+002 7.28636047e+002
    7.82563553e+001 7.31195313e+002 3.09970245e+001 7.33718445e+002
    6.96906189e+002 6.34420471e+002 6.47089050e+002 6.39479065e+002
    5.95993042e+002 6.44282776e+002 5.44031555e+002 6.48915100e+002
    4.91158203e+002 6.53362427e+002 4.37515076e+002 6.57450378e+002
    3.83240723e+002 6.61275391e+002 3.28706299e+002 6.64794800e+002
    2.74902283e+002 6.67811707e+002 2.21118820e+002 6.70242249e+002
    1.68164001e+002 6.72550903e+002 1.17009155e+002 6.74062439e+002
    6.69122543e+001 6.75064209e+002 1.86051769e+001 6.75216919e+002
    6.97264099e+002 5.92230286e+002 6.46930054e+002 5.95853088e+002
    5.95162903e+002 5.99489319e+002 5.42343445e+002 6.02875977e+002
    4.88815430e+002 6.05931274e+002 4.34439362e+002 6.08862366e+002
    3.79346222e+002 6.11370056e+002 3.24077423e+002 6.13493286e+002
    2.69065643e+002 6.15198486e+002 2.14704803e+002 6.16257813e+002
    1.61057022e+002 6.17158997e+002 1.08786652e+002 6.17166016e+002
    5.75581169e+001 6.16796753e+002 8.86523438e+000 6.15520325e+002
    6.99156738e+002 5.48893799e+002 6.48213684e+002 5.51286438e+002
    5.95927063e+002 5.53512207e+002 5.42487183e+002 5.55437500e+002
    4.88195435e+002 5.57245605e+002 4.33241669e+002 5.58692566e+002
    3.77555298e+002 5.59869568e+002 3.21521790e+002 5.60533264e+002
    2.65611938e+002 5.60830933e+002 2.10399933e+002 5.60733765e+002
    1.56188095e+002 5.59992371e+002 1.02979286e+002 5.58410095e+002
    5.16744995e+001 5.56335022e+002 7.02625244e+002 5.04513672e+002
    6.51172852e+002 5.05584503e+002 5.98371399e+002 5.06376251e+002
    5.44431763e+002 5.06904236e+002 4.89630859e+002 5.07184143e+002
    4.34013123e+002 5.07258728e+002 3.77941620e+002 5.06793518e+002
    3.21337097e+002 5.06258850e+002 2.65034546e+002 5.05109161e+002
    2.09178879e+002 5.03380219e+002 1.54165787e+002 5.01125549e+002
    1.00678421e+002 4.98256409e+002 4.88566742e+001 4.94524597e+002
    7.08169617e+002 4.59411438e+002 6.56010315e+002 4.59124176e+002
    6.02706055e+002 4.58438019e+002 5.48326477e+002 4.57448303e+002
    4.93205078e+002 4.56348206e+002 4.37135345e+002 4.54738464e+002
    3.80416412e+002 4.52899139e+002 3.23461456e+002 4.50647827e+002
    2.66780670e+002 4.47637665e+002 2.10655746e+002 4.44609558e+002
    1.55614639e+002 4.40716827e+002 1.01678246e+002 4.36175537e+002
    4.97436981e+001 4.30412018e+002 7.14828674e+002 4.13893402e+002
    6.63011902e+002 4.11786102e+002 6.09081116e+002 4.09746552e+002
    5.54326477e+002 4.07170929e+002 4.98711487e+002 4.04438507e+002
    4.42416046e+002 4.01324615e+002 3.85408112e+002 3.97918182e+002
    3.28062286e+002 3.93857361e+002 2.71525269e+002 3.89741913e+002
    2.15195175e+002 3.84836029e+002 1.60223801e+002 3.79385223e+002
    1.06008362e+002 3.73016571e+002 5.43652115e+001 3.65625031e+002
    7.23768921e+002 3.67862885e+002 6.71325012e+002 3.64284973e+002
    6.17836609e+002 3.60425201e+002 5.62654602e+002 3.56483063e+002
    5.06593567e+002 3.52323212e+002 4.50375244e+002 3.47368866e+002
    3.93148590e+002 3.42235901e+002 3.35798828e+002 3.36620117e+002
    2.79109741e+002 3.30832214e+002 2.23002777e+002 3.24225983e+002
    1.67640244e+002 3.16922028e+002 1.13948692e+002 3.09319458e+002
    6.31603508e+001 2.99930573e+002 7.34777832e+002 3.21553192e+002
    6.82100464e+002 3.16414032e+002 6.28320618e+002 3.10940369e+002
    5.73321716e+002 3.05146454e+002 5.17544006e+002 2.99024811e+002
    4.60962189e+002 2.92682922e+002 4.03841187e+002 2.85925110e+002
    3.46799652e+002 2.78614410e+002 2.89752930e+002 2.71260040e+002
    2.33778015e+002 2.62993164e+002 1.79170853e+002 2.54065811e+002
    1.25914474e+002 2.44248550e+002 7.59725571e+001 2.33400024e+002</data></cam_pts>
<!-- blobs in projector coordinate system -->
