<?xml version="1.0"?>
<opencv_storage>
<!-- random blobs in camera coordinate system -->
<cam_pts type_id="opencv-matrix">
  <rows>142</rows>
  <cols>2</cols>
  <dt>f</dt>
  <data>
    9.68493591e+002 3.28300385e+002 9.20165710e+002 3.16504669e+002
    8.70398865e+002 3.07215942e+002 8.19557007e+002 3.00230652e+002
    7.67806152e+002 2.95647278e+002 7.15465210e+002 2.93401550e+002
    6.62336243e+002 2.93549927e+002 6.09091248e+002 2.96280792e+002
    5.55647217e+002 3.01605347e+002 5.02257446e+002 3.09435211e+002
    4.49366638e+002 3.19880829e+002 3.96904938e+002 3.33417877e+002
    3.45112610e+002 3.49837463e+002 2.94393982e+002 3.68902802e+002
    2.44623734e+002 3.91403931e+002 1.96410294e+002 4.17689941e+002
    1.49898636e+002 4.47612793e+002 1.04741379e+002 4.82392700e+002
    9.80390198e+002 2.94302338e+002 9.30359253e+002 2.81590271e+002
    8.78904297e+002 2.71191895e+002 8.26336975e+002 2.63604828e+002
    7.72921997e+002 2.58396393e+002 7.18689453e+002 2.55812897e+002
    6.63632019e+002 2.55659744e+002 6.08295715e+002 2.58206360e+002
    5.52985718e+002 2.63579590e+002 4.97560791e+002 2.71725342e+002
    4.42741608e+002 2.82530731e+002 3.88263885e+002 2.96695251e+002
    3.34432831e+002 3.13812164e+002 2.82129456e+002 3.34078674e+002
    2.30766907e+002 3.57884583e+002 1.81033432e+002 3.85553284e+002
    1.32218796e+002 4.17985016e+002 8.59117737e+001 4.54755371e+002
    9.92923828e+002 2.59828186e+002 9.41422974e+002 2.45625320e+002
    8.88086792e+002 2.34398804e+002 8.33645752e+002 2.25751648e+002
    7.78280273e+002 2.19901169e+002 7.22085083e+002 2.16886368e+002
    6.65055176e+002 2.16564240e+002 6.07609924e+002 2.18973862e+002
    5.50185913e+002 2.24351898e+002 4.92572571e+002 2.32831299e+002
    4.35649841e+002 2.44234665e+002 3.79255310e+002 2.58981506e+002
    3.23522797e+002 2.76899261e+002 2.69130096e+002 2.98194031e+002
    2.15819321e+002 3.23602386e+002 1.64421036e+002 3.52991913e+002
    1.13386391e+002 3.87606964e+002 6.55590668e+001 4.27804626e+002
    1.00615704e+003 2.24528229e+002 9.52864990e+002 2.09111374e+002
    8.97830261e+002 1.96437119e+002 8.41578064e+002 1.86878708e+002
    7.84076843e+002 1.80296005e+002 7.25786926e+002 1.76811829e+002
    6.66498413e+002 1.76171921e+002 6.06980469e+002 1.78399368e+002
    5.47272095e+002 1.83768188e+002 4.87477264e+002 1.92573792e+002
    4.28300323e+002 2.04502182e+002 3.69692902e+002 2.19756607e+002
    3.11906586e+002 2.38838867e+002 2.55117905e+002 2.61664673e+002
    2.00178284e+002 2.88759918e+002 1.46228653e+002 3.20992065e+002
    9.43161850e+001 3.57987488e+002 4.43626823e+001 4.01573334e+002
    1.02026892e+003 1.88650589e+002 9.65193604e+002 1.71565887e+002
    9.08296692e+002 1.57790695e+002 8.49917297e+002 1.46950684e+002
    7.90348877e+002 1.39336166e+002 7.29810303e+002 1.35269272e+002
    6.68251282e+002 1.34232437e+002 6.06226807e+002 1.36427994e+002
    5.44251892e+002 1.41910751e+002 4.82087341e+002 1.50918747e+002
    4.20544556e+002 1.63415741e+002 3.59549347e+002 1.79798309e+002
    2.99449036e+002 1.99611511e+002 2.40705627e+002 2.24412323e+002
    1.83640930e+002 2.52918152e+002 1.27035339e+002 2.87271515e+002
    7.32522202e+001 3.28001373e+002 2.15843830e+001 3.76275421e+002
    1.03572925e+003 1.52193054e+002 9.78347595e+002 1.33328171e+002
    9.19426453e+002 1.17999352e+002 8.58924622e+002 1.05972107e+002
    7.97088928e+002 9.75555649e+001 7.34159546e+002 9.26041641e+001
    6.70218567e+002 9.12245255e+001 6.05708923e+002 9.32927933e+001
    5.41215027e+002 9.89579468e+001 4.76497345e+002 1.08224052e+002
    4.12526947e+002 1.21422455e+002 3.48952209e+002 1.39050217e+002
    2.86762939e+002 1.59778427e+002 2.25247009e+002 1.86684830e+002
    1.65408081e+002 2.17492645e+002 1.08065239e+002 2.54726395e+002
    5.05891228e+001 2.99620453e+002 1.05210474e+003 1.15554382e+002
    9.92929382e+002 9.48908157e+001 9.31503113e+002 7.76827698e+001
    8.68596313e+002 6.44379425e+001 8.04227905e+002 5.45869255e+001
    7.38920471e+002 4.88731270e+001 6.72175781e+002 4.67222557e+001
    6.05154480e+002 4.88578110e+001 5.37874878e+002 5.46733589e+001
    4.70320923e+002 6.44504929e+001 4.03489288e+002 7.87937546e+001
    3.37580933e+002 9.67189178e+001 2.72034760e+002 1.19872681e+002
    2.08383667e+002 1.48169113e+002 1.46049973e+002 1.82186218e+002
    8.54118652e+001 2.22118683e+002 2.64363689e+001 2.72134460e+002
    1.07002454e+003 7.92477875e+001 1.00829822e+003 5.62055092e+001
    9.44219421e+002 3.67215462e+001 8.79133789e+002 2.17268543e+001
    8.12469177e+002 1.10520391e+001 5.34565552e+002 9.49963665e+000
    4.64105499e+002 1.97909184e+001 3.94312592e+002 3.45894623e+001
    3.25470032e+002 5.42393112e+001 2.57692108e+002 7.91176682e+001
    1.25331734e+002 1.47322479e+002 6.15939827e+001 1.92267136e+002
    1.08951514e+003 4.38315086e+001 1.02520581e+003 1.71958008e+001
    2.40555145e+002 3.92807846e+001 1.70988022e+002 7.22896347e+001
    1.48492294e+002 3.60058861e+001 7.63389053e+001 8.32792587e+001</data></cam_pts>
<!-- blobs in projector coordinate system -->
