<?xml version="1.0"?>
<opencv_storage>
<!-- random blobs in camera coordinate system -->
<cam_pts type_id="opencv-matrix">
  <rows>195</rows>
  <cols>2</cols>
  <dt>f</dt>
  <data>
    6.54663208e+002 9.25998291e+002 6.08564026e+002 9.31413391e+002
    5.61370422e+002 9.35924805e+002 5.14240906e+002 9.40395325e+002
    4.66475464e+002 9.44288757e+002 4.17959564e+002 9.47354919e+002
    3.70043396e+002 9.50206787e+002 3.21834656e+002 9.52212646e+002
    2.74073761e+002 9.53795349e+002 2.26741531e+002 9.54788391e+002
    1.81277054e+002 9.55545166e+002 1.36670135e+002 9.55762390e+002
    6.50999329e+002 8.92069397e+002 6.03771667e+002 8.96378784e+002
    5.55861084e+002 9.00339905e+002 5.07525970e+002 9.03550598e+002
    4.58700684e+002 9.06388062e+002 4.09532532e+002 9.08766296e+002
    3.59838654e+002 9.10426941e+002 3.10811371e+002 9.11338318e+002
    2.61995453e+002 9.11858582e+002 2.13637604e+002 9.11597717e+002
    1.66481445e+002 9.10751709e+002 1.20232590e+002 9.09625122e+002
    7.58848572e+001 9.07955505e+002 6.48242371e+002 8.56747681e+002
    6.00426331e+002 8.60450562e+002 5.51737793e+002 8.63327148e+002
    5.02639862e+002 8.65544617e+002 4.52937347e+002 8.67310425e+002
    4.02802368e+002 8.68557251e+002 3.52289246e+002 8.69012024e+002
    3.01625519e+002 8.69094849e+002 2.51873978e+002 8.68454895e+002
    2.02327377e+002 8.66632996e+002 1.54006195e+002 8.64606995e+002
    1.06777153e+002 8.62383240e+002 6.09684639e+001 8.58511047e+002
    6.47187683e+002 8.20276123e+002 5.98883240e+002 8.22756287e+002
    5.49391602e+002 8.24717224e+002 4.99330078e+002 8.26139343e+002
    4.48884827e+002 8.26901978e+002 3.98029083e+002 8.26986755e+002
    3.46548584e+002 8.26536194e+002 2.94926941e+002 8.25148010e+002
    2.43789780e+002 8.23028625e+002 1.93219833e+002 8.20218872e+002
    1.43562271e+002 8.16341187e+002 9.51792679e+001 8.12522400e+002
    4.82442474e+001 8.07695435e+002 6.47463989e+002 7.82672729e+002
    5.98818542e+002 7.84148560e+002 5.48715149e+002 7.84992126e+002
    4.97846069e+002 7.85309875e+002 4.46387054e+002 7.84929871e+002
    3.94612030e+002 7.84015991e+002 3.42392853e+002 7.82278992e+002
    2.89966980e+002 7.79712646e+002 2.37885498e+002 7.76313538e+002
    1.86212463e+002 7.72210266e+002 1.36049423e+002 7.67255310e+002
    8.63997650e+001 7.61196167e+002 3.85216331e+001 7.54694397e+002
    6.49262756e+002 7.43830322e+002 5.99947083e+002 7.44086365e+002
    5.49483765e+002 7.43807373e+002 4.97868195e+002 7.43023376e+002
    4.45691772e+002 7.41627869e+002 3.93154205e+002 7.39400452e+002
    3.39975281e+002 7.36382202e+002 2.86956512e+002 7.32629028e+002
    2.34177811e+002 7.27997864e+002 1.81683853e+002 7.22540588e+002
    1.30272766e+002 7.16246826e+002 8.01608734e+001 7.09097595e+002
    3.14042854e+001 7.00413269e+002 6.52351929e+002 7.03712036e+002
    6.02756348e+002 7.02882813e+002 5.51697449e+002 7.01519165e+002
    4.99716034e+002 6.99489868e+002 4.46969635e+002 6.96765747e+002
    3.93561401e+002 6.93290710e+002 3.39807220e+002 6.89112122e+002
    2.85923828e+002 6.84063782e+002 2.32453659e+002 6.77940613e+002
    1.79156616e+002 6.71087524e+002 1.27236069e+002 6.63184021e+002
    7.62682266e+001 6.54307129e+002 2.68816872e+001 6.44349426e+002
    6.57213013e+002 6.62681885e+002 6.06995422e+002 6.60656738e+002
    5.55590759e+002 6.57990051e+002 5.03239502e+002 6.54711060e+002
    4.49961639e+002 6.50720032e+002 3.96069458e+002 6.45934937e+002
    3.41432037e+002 6.40452637e+002 2.86988556e+002 6.33984497e+002
    2.32900452e+002 6.26660706e+002 1.79296600e+002 6.18438110e+002
    1.26382072e+002 6.08748352e+002 7.53420868e+001 5.98745789e+002
    2.51576214e+001 5.87014465e+002 6.63453674e+002 6.20588318e+002
    6.12971191e+002 6.17328186e+002 5.61227600e+002 6.13396118e+002
    5.08479401e+002 6.08739624e+002 4.54898712e+002 6.03409058e+002
    4.00606720e+002 5.97350586e+002 3.45470978e+002 5.90299133e+002
    2.90447113e+002 5.82547913e+002 2.35796066e+002 5.73755249e+002
    1.81619919e+002 5.63752563e+002 1.28601822e+002 5.53330139e+002
    7.69459457e+001 5.41196350e+002 2.69223881e+001 5.28111267e+002
    6.71316772e+002 5.77636353e+002 6.20687317e+002 5.73048889e+002
    5.68638977e+002 5.67736206e+002 5.15514526e+002 5.61704712e+002
    4.61587128e+002 5.55018616e+002 4.06993958e+002 5.47512939e+002
    3.51678070e+002 5.39154236e+002 2.96317474e+002 5.29840393e+002
    2.41379166e+002 5.19412170e+002 1.86969223e+002 5.08254364e+002
    1.33668213e+002 4.95817993e+002 8.17785873e+001 4.82505798e+002
    3.13331413e+001 4.67140564e+002 6.80851074e+002 5.33937256e+002
    6.30141479e+002 5.27850830e+002 5.77754272e+002 5.21225525e+002
    5.24595581e+002 5.13756226e+002 4.70393005e+002 5.05558228e+002
    4.15497894e+002 4.96595032e+002 3.60131622e+002 4.86617249e+002
    3.04783203e+002 4.75923279e+002 2.49530975e+002 4.64256927e+002
    1.94989700e+002 4.51316437e+002 1.41645523e+002 4.37557709e+002
    8.97651215e+001 4.22394989e+002 4.00720711e+001 4.06285492e+002
    6.92127380e+002 4.89570923e+002 6.41083984e+002 4.82161316e+002
    5.88810791e+002 4.73947021e+002 5.35501038e+002 4.65036682e+002
    4.81441620e+002 4.55406860e+002 4.26485748e+002 4.44871704e+002
    3.70956116e+002 4.33465363e+002 3.15313538e+002 4.21224670e+002
    2.60361908e+002 4.07859375e+002 2.05778412e+002 3.93662781e+002
    1.52783249e+002 3.78228638e+002 1.01349495e+002 3.61775146e+002
    5.14558296e+001 3.43371307e+002 7.05473999e+002 4.44675018e+002
    6.54310730e+002 4.35857147e+002 6.01993042e+002 4.26216461e+002
    5.48546631e+002 4.15918121e+002 4.94407593e+002 4.04619171e+002
    4.39607819e+002 3.92689514e+002 3.84292877e+002 3.79615906e+002
    3.28747986e+002 3.65792145e+002 2.73952271e+002 3.51121338e+002
    2.19847717e+002 3.34946533e+002 1.67028320e+002 3.18426727e+002
    1.16047310e+002 2.99868011e+002 6.73795776e+001 2.79669800e+002
    2.19729156e+001 2.58668762e+002 7.19947083e+002 3.99670471e+002
    6.69328064e+002 3.89331573e+002 6.17253540e+002 3.78135010e+002
    5.63795715e+002 3.66431885e+002 5.09586029e+002 3.53918121e+002
    4.55309753e+002 3.40059601e+002 4.00332977e+002 3.25426758e+002
    3.45039246e+002 3.09897614e+002 2.90764160e+002 2.93686554e+002
    2.36948135e+002 2.76226868e+002 1.84594666e+002 2.57527161e+002
    1.34390686e+002 2.38131592e+002 8.70364609e+001 2.16692001e+002
    7.36760498e+002 3.54465668e+002 6.86192627e+002 3.42626465e+002
    6.34406128e+002 3.30031311e+002 5.81544006e+002 3.16538727e+002
    5.27946777e+002 3.02230377e+002 4.73799286e+002 2.86992004e+002
    4.18949097e+002 2.71085052e+002 3.64539764e+002 2.53892868e+002
    3.10880829e+002 2.36069290e+002 2.58016357e+002 2.17269608e+002
    2.06332611e+002 1.96910995e+002 1.57286606e+002 1.75756760e+002
    1.10842606e+002 1.52212433e+002</data></cam_pts>
<!-- blobs in projector coordinate system -->
