<?xml version="1.0"?>
<opencv_storage>
<!-- random blobs in camera coordinate system -->
<cam_pts type_id="opencv-matrix">
  <rows>138</rows>
  <cols>2</cols>
  <dt>f</dt>
  <data>
    9.68389221e+002 3.27952362e+002 9.19967346e+002 3.16270081e+002
    8.70145630e+002 3.06921417e+002 8.19334900e+002 3.00020508e+002
    7.67623535e+002 2.95431488e+002 7.15175598e+002 2.93179443e+002
    6.62131592e+002 2.93327759e+002 6.08774902e+002 2.96075317e+002
    5.55472534e+002 3.01396332e+002 5.02098999e+002 3.09262665e+002
    4.49229645e+002 3.19727417e+002 3.96714630e+002 3.33376282e+002
    3.44906097e+002 3.49697266e+002 2.94183624e+002 3.68757874e+002
    2.44709152e+002 3.91631622e+002 1.96309143e+002 4.17835052e+002
    1.49421753e+002 4.47735687e+002 1.04425331e+002 4.82524841e+002
    9.80050659e+002 2.94257141e+002 9.30091614e+002 2.81206604e+002
    8.78735474e+002 2.70995544e+002 8.26105042e+002 2.63338623e+002
    7.72649902e+002 2.58231598e+002 7.18455627e+002 2.55704742e+002
    6.63343262e+002 2.55550476e+002 6.08128052e+002 2.58142365e+002
    5.52767700e+002 2.63523956e+002 4.97365936e+002 2.71711609e+002
    4.42555725e+002 2.82575989e+002 3.88149384e+002 2.96706635e+002
    3.34270966e+002 3.13734772e+002 2.81806519e+002 3.34036011e+002
    2.30674988e+002 3.57746765e+002 1.80538040e+002 3.85666443e+002
    1.31862198e+002 4.18018127e+002 8.55704651e+001 4.54598236e+002
    9.92675293e+002 2.59604706e+002 9.41109985e+002 2.45444611e+002
    8.87888794e+002 2.34127014e+002 8.33422119e+002 2.25566818e+002
    7.78060181e+002 2.19812424e+002 7.21832825e+002 2.16732574e+002
    6.64772827e+002 2.16435074e+002 6.07403076e+002 2.18835892e+002
    5.49930908e+002 2.24193802e+002 4.92382416e+002 2.32683746e+002
    4.35449188e+002 2.44138443e+002 3.79012177e+002 2.58692993e+002
    3.23357666e+002 2.76762360e+002 2.68760834e+002 2.98079071e+002
    2.15914001e+002 3.23480774e+002 1.63886795e+002 3.53351166e+002
    1.13387085e+002 3.88030518e+002 6.51795502e+001 4.28032776e+002
    1.00587427e+003 2.24468628e+002 9.52582153e+002 2.08886505e+002
    8.97666565e+002 1.96112106e+002 8.41224609e+002 1.86695862e+002
    7.83903259e+002 1.80111145e+002 7.25496643e+002 1.76599930e+002
    6.66243591e+002 1.75913391e+002 6.06744995e+002 1.78266647e+002
    5.47043396e+002 1.83681030e+002 4.87269104e+002 1.92497284e+002
    4.28160919e+002 2.04486603e+002 3.69345978e+002 2.19859894e+002
    3.11687439e+002 2.38849960e+002 2.55078400e+002 2.61560577e+002
    2.00247406e+002 2.88293427e+002 1.45924698e+002 3.20813416e+002
    9.42215576e+001 3.57848724e+002 4.39068832e+001 4.01253876e+002
    1.02024707e+003 1.88349731e+002 9.64825989e+002 1.71380188e+002
    9.08060425e+002 1.57604263e+002 8.49651733e+002 1.46829941e+002
    7.90073486e+002 1.39374634e+002 7.29502197e+002 1.35099884e+002
    6.68147644e+002 1.34270935e+002 6.06117859e+002 1.36430710e+002
    5.43970520e+002 1.41957764e+002 4.81889099e+002 1.50914230e+002
    4.20288544e+002 1.63453018e+002 3.59285370e+002 1.79781967e+002
    2.99369507e+002 1.99690353e+002 2.40492798e+002 2.24752899e+002
    1.83027435e+002 2.53087692e+002 1.27223488e+002 2.87549042e+002
    7.30644226e+001 3.28407501e+002 2.15074081e+001 3.76486786e+002
    1.03529419e+003 1.51949387e+002 9.78140137e+002 1.33371155e+002
    9.19060608e+002 1.18035439e+002 8.58569092e+002 1.06034225e+002
    7.96902222e+002 9.74904938e+001 7.33730347e+002 9.24398804e+001
    6.69898926e+002 9.11589737e+001 6.05470581e+002 9.32147903e+001
    5.40905151e+002 9.87687225e+001 4.76261292e+002 1.08217270e+002
    4.12119812e+002 1.21704033e+002 3.48647491e+002 1.38981934e+002
    2.86297699e+002 1.60336411e+002 2.25165619e+002 1.86451874e+002
    1.65007767e+002 2.17705963e+002 1.07095757e+002 2.54979599e+002
    5.04675446e+001 2.99702118e+002 1.05217798e+003 1.15848091e+002
    9.92323181e+002 9.45663300e+001 9.31311096e+002 7.76678238e+001
    8.68321045e+002 6.41871262e+001 8.03958740e+002 5.45040512e+001
    7.38655762e+002 4.89507065e+001 6.71927490e+002 4.67878571e+001
    6.04943176e+002 4.88791695e+001 5.37541992e+002 5.46603127e+001
    4.70102600e+002 6.44935684e+001 4.03486115e+002 7.87409363e+001
    3.37516144e+002 9.71379013e+001 2.72118042e+002 1.19877853e+002
    2.08641663e+002 1.48051437e+002 1.45555405e+002 1.82460220e+002
    8.51239471e+001 2.23030258e+002 1.06983325e+003 7.92692261e+001
    1.00778149e+003 5.60577049e+001 9.44158752e+002 3.67791252e+001
    8.78794922e+002 2.17481670e+001 8.12224121e+002 1.11260223e+001
    4.63778168e+002 1.98051662e+001 3.94207581e+002 3.48121872e+001
    3.25162323e+002 5.44677505e+001 2.56479950e+002 7.94263840e+001
    1.90074310e+002 1.09883514e+002 1.24748604e+002 1.47719803e+002
    1.02478516e+003 1.74072571e+001 3.10957275e+002 1.24735126e+001
    2.39912460e+002 3.92606850e+001 1.70626205e+002 7.26453781e+001</data></cam_pts>
<!-- blobs in projector coordinate system -->
