<?xml version="1.0"?>
<opencv_storage>
<!-- random blobs in camera coordinate system -->
<cam_pts type_id="opencv-matrix">
  <rows>140</rows>
  <cols>2</cols>
  <dt>f</dt>
  <data>
    1.11203662e+003 3.62256683e+002 1.06256348e+003 3.41992554e+002
    1.01142297e+003 3.25411102e+002 9.59979492e+002 3.12151978e+002
    9.07654663e+002 3.02225983e+002 8.54594543e+002 2.95193329e+002
    8.00984558e+002 2.90834320e+002 7.47155090e+002 2.89141663e+002
    6.93314819e+002 2.89921692e+002 6.39551331e+002 2.93289124e+002
    5.86390564e+002 2.99145050e+002 5.33676575e+002 3.07545441e+002
    4.81703430e+002 3.18218597e+002 4.30836578e+002 3.31499298e+002
    3.81016235e+002 3.47475281e+002 3.32639038e+002 3.65661316e+002
    2.85686798e+002 3.86339172e+002 2.40524536e+002 4.09697571e+002
    1.12455383e+003 3.29806976e+002 1.07337439e+003 3.07679871e+002
    1.02075232e+003 2.89890625e+002 9.67293701e+002 2.75796539e+002
    9.12864868e+002 2.65064209e+002 8.57859497e+002 2.57405914e+002
    8.02261108e+002 2.52826645e+002 7.46461792e+002 2.51050598e+002
    6.90650146e+002 2.51900009e+002 6.34897583e+002 2.55427414e+002
    5.79765564e+002 2.61594055e+002 5.25124023e+002 2.70576935e+002
    4.71357483e+002 2.82103119e+002 4.18749054e+002 2.96076050e+002
    3.67528351e+002 3.13054565e+002 3.17408936e+002 3.32367279e+002
    2.69070496e+002 3.54355682e+002 2.22380676e+002 3.79528961e+002
    1.13819177e+003 2.96499298e+002 1.08495459e+003 2.72838226e+002
    1.03026025e+003 2.53615646e+002 9.74798157e+002 2.38639999e+002
    9.18412415e+002 2.26781769e+002 8.61506836e+002 2.18506012e+002
    8.03677856e+002 2.13447220e+002 7.45698853e+002 2.11546600e+002
    6.87822021e+002 2.12545059e+002 6.29944824e+002 2.16295242e+002
    5.72778564e+002 2.22936264e+002 5.16220276e+002 2.32515045e+002
    4.60484772e+002 2.44929459e+002 4.06049408e+002 2.59878113e+002
    3.52896088e+002 2.78001709e+002 3.01291412e+002 2.98412109e+002
    2.51354706e+002 3.22040924e+002 2.03434036e+002 3.48503235e+002
    1.15280713e+003 2.63479584e+002 1.09758057e+003 2.37564529e+002
    1.04079419e+003 2.16565796e+002 9.82963501e+002 2.00066528e+002
    9.24528809e+002 1.87433533e+002 8.65202881e+002 1.78392532e+002
    8.05202576e+002 1.72926346e+002 7.44991455e+002 1.70798203e+002
    6.84937683e+002 1.71872101e+002 6.24721375e+002 1.76023285e+002
    5.65398010e+002 1.82968140e+002 5.06755035e+002 1.93167450e+002
    4.48982971e+002 2.06412018e+002 3.92460968e+002 2.22575806e+002
    3.37685883e+002 2.41476028e+002 2.84465485e+002 2.63803192e+002
    2.32955276e+002 2.89120422e+002 1.83565567e+002 3.17538208e+002
    1.16833984e+003 2.30018829e+002 1.11077063e+003 2.01651474e+002
    1.05204260e+003 1.78903778e+002 9.91706116e+002 1.60737228e+002
    9.30906372e+002 1.46820572e+002 8.69224060e+002 1.37220688e+002
    8.06844116e+002 1.31089142e+002 7.44286987e+002 1.28624939e+002
    6.81738770e+002 1.29783966e+002 6.19285950e+002 1.34157959e+002
    5.57559814e+002 1.41743546e+002 4.96673950e+002 1.52678253e+002
    4.36677063e+002 1.66953888e+002 3.78286804e+002 1.84187119e+002
    3.21517761e+002 2.04571243e+002 2.66529755e+002 2.28478546e+002
    2.13173630e+002 2.55664948e+002 1.62035645e+002 2.86588654e+002
    1.18562561e+003 1.97161392e+002 1.12554211e+003 1.66306595e+002
    1.06350720e+003 1.40433533e+002 1.00146082e+003 1.20762016e+002
    9.38108459e+002 1.05500610e+002 8.73750122e+002 9.49680252e+001
    8.08684998e+002 8.79587173e+001 7.43477234e+002 8.52666702e+001
    6.78461548e+002 8.63595810e+001 6.13509155e+002 9.11372375e+001
    5.49334778e+002 9.93240814e+001 4.85853455e+002 1.10946861e+002
    4.23586365e+002 1.26225731e+002 3.63182251e+002 1.44851089e+002
    3.04445160e+002 1.66888351e+002 2.47387329e+002 1.92788712e+002
    1.92373627e+002 2.22128616e+002 1.39878235e+002 2.55328110e+002
    1.14112354e+003 1.29973495e+002 1.07715112e+003 1.01936066e+002
    1.01138983e+003 8.01759262e+001 9.45847107e+002 6.32213478e+001
    8.78540649e+002 5.12588043e+001 8.10636047e+002 4.41642151e+001
    7.42825806e+002 4.07302628e+001 6.74927429e+002 4.18405647e+001
    6.07302917e+002 4.69957123e+001 5.40398376e+002 5.57660294e+001
    4.74442657e+002 6.83018494e+001 4.10021515e+002 8.49538193e+001
    3.46943817e+002 1.05329674e+002 2.86174805e+002 1.28892899e+002
    2.26898865e+002 1.56937607e+002 1.70144714e+002 1.88492233e+002
    1.15128204e+002 2.25094772e+002 1.09150525e+003 6.34607735e+001
    1.02306848e+003 3.94532471e+001 9.53732483e+002 2.06495361e+001
    5.31086121e+002 1.15887480e+001 4.62163055e+002 2.51567535e+001
    3.95266418e+002 4.27780342e+001 3.30042480e+002 6.44524765e+001
    2.66414001e+002 9.08238449e+001 2.04762192e+002 1.20950539e+002
    1.45932510e+002 1.56046112e+002 8.95470428e+001 1.96048737e+002
    3.11226288e+002 2.44068165e+001 2.45439590e+002 5.27650185e+001
    1.81715103e+002 8.55580292e+001 1.20156052e+002 1.24359001e+002</data></cam_pts>
<!-- blobs in projector coordinate system -->
