<?xml version="1.0"?>
<opencv_storage>
<!-- random blobs in camera coordinate system -->
<cam_pts type_id="opencv-matrix">
  <rows>152</rows>
  <cols>2</cols>
  <dt>f</dt>
  <data>
    2.32712128e+002 6.10665649e+002 2.80511017e+002 6.28897888e+002
    3.29934326e+002 6.44478638e+002 3.80218750e+002 6.57445679e+002
    4.31218445e+002 6.67591736e+002 4.82977753e+002 6.75363403e+002
    5.35618225e+002 6.80989380e+002 5.88479309e+002 6.84436157e+002
    6.41494690e+002 6.85621094e+002 6.94611267e+002 6.84409546e+002
    7.47289734e+002 6.80946533e+002 7.99631104e+002 6.75191650e+002
    8.51432495e+002 6.66952271e+002 9.02489868e+002 6.56406372e+002
    9.52195496e+002 6.43316895e+002 1.00084094e+003 6.28002930e+002
    1.04835034e+003 6.09532593e+002 1.09406116e+003 5.88691467e+002
    2.18602066e+002 6.41830139e+002 2.67882813e+002 6.61460449e+002
    3.18881653e+002 6.78211548e+002 3.70763153e+002 6.92077942e+002
    4.23467346e+002 7.03406372e+002 4.77175110e+002 7.11967896e+002
    5.31572510e+002 7.17979614e+002 5.86339600e+002 7.21668213e+002
    6.41229004e+002 7.23063110e+002 6.96335022e+002 7.21879761e+002
    7.50893494e+002 7.18273193e+002 8.05187561e+002 7.12173035e+002
    8.58941162e+002 7.03498718e+002 9.11469788e+002 6.92488159e+002
    9.63066772e+002 6.78583801e+002 1.01331055e+003 6.62223999e+002
    1.06206519e+003 6.42877258e+002 1.10948706e+003 6.20540039e+002
    2.03223480e+002 6.73797974e+002 2.54366257e+002 6.94467224e+002
    3.06885529e+002 7.12730835e+002 3.60470947e+002 7.27893921e+002
    4.15293518e+002 7.40126648e+002 4.70846252e+002 7.49501648e+002
    5.27212097e+002 7.56182007e+002 5.83885071e+002 7.60159912e+002
    6.40903442e+002 7.61669189e+002 6.98030273e+002 7.60666260e+002
    7.54551208e+002 7.56911377e+002 8.10822083e+002 7.50608337e+002
    8.66439880e+002 7.41475891e+002 9.20881897e+002 7.29657288e+002
    9.74308228e+002 7.14907471e+002 1.02631091e+003 6.97725342e+002
    1.07697766e+003 6.76874207e+002 1.12568604e+003 6.52630493e+002
    1.86898666e+002 7.05238342e+002 2.39805923e+002 7.28325806e+002
    2.94309967e+002 7.48221069e+002 3.49743896e+002 7.64479370e+002
    4.06320679e+002 7.78093994e+002 4.63880646e+002 7.88425110e+002
    5.22415283e+002 7.95735779e+002 5.81146912e+002 8.00169678e+002
    6.40119995e+002 8.01807739e+002 6.99434692e+002 8.00804199e+002
    7.58200500e+002 7.96944336e+002 8.16661560e+002 7.90232788e+002
    8.74186523e+002 7.80378235e+002 9.30532898e+002 7.67908997e+002
    9.85894775e+002 7.52198425e+002 1.03959814e+003 7.33517151e+002
    1.09222327e+003 7.11578857e+002 1.14262927e+003 6.85784729e+002
    1.69220367e+002 7.37238647e+002 2.24216370e+002 7.62828003e+002
    2.80325043e+002 7.84389282e+002 3.37859680e+002 8.02347656e+002
    3.96717957e+002 8.16906921e+002 4.56376312e+002 8.28240051e+002
    5.16937500e+002 8.36488159e+002 5.78061340e+002 8.41438232e+002
    6.39253052e+002 8.43283752e+002 7.00818481e+002 8.42222839e+002
    7.61835693e+002 8.38166260e+002 8.22315735e+002 8.31129272e+002
    8.82149170e+002 8.20855652e+002 9.40843933e+002 8.07176514e+002
    9.98133301e+002 7.90645935e+002 1.05409741e+003 7.70547363e+002
    1.10838330e+003 7.46621521e+002 1.16014648e+003 7.19124268e+002
    1.49965744e+002 7.68868408e+002 2.06720810e+002 7.97359192e+002
    2.65113190e+002 8.20826965e+002 3.25022034e+002 8.40558777e+002
    3.85838562e+002 8.56644775e+002 4.47815613e+002 8.69085510e+002
    5.10901886e+002 8.78223999e+002 5.74513550e+002 8.83984070e+002
    6.37989258e+002 8.86116821e+002 7.02073242e+002 8.85182617e+002
    7.65374573e+002 8.80867432e+002 8.28499451e+002 8.73412903e+002
    8.90541626e+002 8.62548828e+002 9.51419739e+002 8.47780823e+002
    1.01079626e+003 8.29640076e+002 1.06876099e+003 8.07927063e+002
    1.12458813e+003 7.82649841e+002 1.17919592e+003 7.52305115e+002
    1.28801926e+002 8.00128662e+002 1.88063873e+002 8.31323853e+002
    2.48873245e+002 8.57775574e+002 3.11081543e+002 8.79883911e+002
    3.74193085e+002 8.97502014e+002 4.38441803e+002 9.11047913e+002
    5.04118103e+002 9.21155762e+002 5.70152039e+002 9.27637817e+002
    6.36462769e+002 9.30247681e+002 7.02846191e+002 9.29245422e+002
    7.68992554e+002 9.24677185e+002 8.34554688e+002 9.16762207e+002
    8.99025208e+002 9.05032715e+002 9.62380432e+002 8.89308960e+002
    1.02393933e+003 8.70007019e+002 1.08380725e+003 8.46729431e+002
    1.14234961e+003 8.18396729e+002 1.05428383e+002 8.29860229e+002
    1.66997543e+002 8.65000122e+002 2.30811203e+002 8.94594482e+002
    2.94960205e+002 9.18695007e+002 3.61125732e+002 9.38337891e+002
    4.28336792e+002 9.53633728e+002 4.96414551e+002 9.64778931e+002
    5.65349121e+002 9.72411316e+002 6.34253479e+002 9.75461548e+002
    7.03543152e+002 9.74700745e+002 7.72478210e+002 9.69703918e+002
    8.40482727e+002 9.61186340e+002 9.08027771e+002 9.48570984e+002
    9.73622192e+002 9.31745239e+002 1.03814709e+003 9.10697144e+002
    1.10043555e+003 8.85220093e+002 1.44424301e+002 8.96994263e+002
    2.10398178e+002 9.30571899e+002 2.77827820e+002 9.57718445e+002
    3.46491272e+002 9.79622925e+002 4.16351898e+002 9.96779541e+002
    4.87892242e+002 1.00978772e+003 8.46751099e+002 1.00632751e+003
    9.16964722e+002 9.93030518e+002 9.85245972e+002 9.74487732e+002
    1.05263062e+003 9.51028564e+002 2.58041565e+002 9.96604431e+002</data></cam_pts>
<!-- blobs in projector coordinate system -->
