<?xml version="1.0"?>
<opencv_storage>
<!-- random blobs in camera coordinate system -->
<cam_pts type_id="opencv-matrix">
  <rows>75</rows>
  <cols>2</cols>
  <dt>f</dt>
  <data>
    6.62894165e+002 7.60667358e+002 6.78540039e+002 6.94922607e+002
    6.91147034e+002 6.27875366e+002 7.01796143e+002 5.59380371e+002
    7.10027161e+002 4.90441650e+002 7.15409912e+002 4.21126343e+002
    7.18897522e+002 3.51933136e+002 7.19370300e+002 2.83185211e+002
    7.15927307e+002 2.16029526e+002 7.06891052e+002 1.49451004e+002
    7.05378174e+002 7.73779663e+002 7.22229858e+002 7.06743896e+002
    7.35834045e+002 6.38035889e+002 7.47120850e+002 5.68038757e+002
    7.55968506e+002 4.97080566e+002 7.62064087e+002 4.25849945e+002
    7.65950256e+002 3.54508667e+002 7.66526306e+002 2.83929321e+002
    7.63052612e+002 2.14937622e+002 7.53770752e+002 1.46676132e+002
    7.48482117e+002 7.87986755e+002 7.66668945e+002 7.19528992e+002
    7.81642090e+002 6.49136230e+002 7.93638062e+002 5.77246582e+002
    8.03177490e+002 5.04513641e+002 8.10112061e+002 4.31112885e+002
    8.14260193e+002 3.57810333e+002 8.14705383e+002 2.85723511e+002
    8.10873535e+002 2.14217407e+002 8.00854187e+002 1.44175735e+002
    7.92006470e+002 8.03786926e+002 8.11882446e+002 7.33311035e+002
    8.28346497e+002 6.61142761e+002 8.41546387e+002 5.87460083e+002
    8.51894226e+002 5.12614929e+002 8.59458984e+002 4.37284485e+002
    8.63680176e+002 3.61926147e+002 8.64076721e+002 2.87766052e+002
    8.59816467e+002 2.14267807e+002 8.48309631e+002 1.43117065e+002
    8.35440247e+002 8.21086792e+002 8.57358459e+002 7.47675415e+002
    8.75570313e+002 6.74182251e+002 8.90270569e+002 5.98542358e+002
    9.01657410e+002 5.21760071e+002 9.09626038e+002 4.44318542e+002
    9.13434875e+002 3.67441498e+002 9.14227112e+002 2.90559784e+002
    9.09185120e+002 2.15087601e+002 8.78370300e+002 8.40049744e+002
    9.03259338e+002 7.64485962e+002 9.23002441e+002 6.88120422e+002
    9.38725586e+002 6.10203308e+002 9.51264771e+002 5.31841858e+002
    9.60266846e+002 4.52567596e+002 9.65131592e+002 3.73111786e+002
    9.65043945e+002 2.94165588e+002 9.58356812e+002 2.16932510e+002
    9.19919312e+002 8.61259094e+002 9.48520813e+002 7.83298035e+002
    9.71061646e+002 7.04582275e+002 9.88817383e+002 6.24438538e+002
    1.00243964e+003 5.43389160e+002 1.01207422e+003 4.61986572e+002
    1.01703345e+003 3.80427765e+002 1.01605786e+003 2.99464539e+002
    9.91907104e+002 8.04739685e+002 1.01802893e+003 7.23014709e+002
    1.03820679e+003 6.40440857e+002 1.05326904e+003 5.57235840e+002
    1.06327979e+003 4.73462585e+002 1.06776453e+003 3.89490234e+002
    1.05998474e+003 7.43044128e+002 1.08524988e+003 6.59543030e+002
    1.10180737e+003 5.73324097e+002</data></cam_pts>
<!-- blobs in projector coordinate system -->
<proj_pts type_id="opencv-matrix">
  <rows>75</rows>
  <cols>2</cols>
  <dt>f</dt>
  <data>
    9.83846130e+001 7.26363602e+001 1.96769226e+002 7.26363602e+001
    2.95153839e+002 7.26363602e+001 3.93538452e+002 7.26363602e+001
    4.91923065e+002 7.26363602e+001 5.90307678e+002 7.26363602e+001
    6.88692261e+002 7.26363602e+001 7.87076904e+002 7.26363602e+001
    8.85461548e+002 7.26363602e+001 9.83846130e+002 7.26363602e+001
    9.83846130e+001 1.45272720e+002 1.96769226e+002 1.45272720e+002
    2.95153839e+002 1.45272720e+002 3.93538452e+002 1.45272720e+002
    4.91923065e+002 1.45272720e+002 5.90307678e+002 1.45272720e+002
    6.88692261e+002 1.45272720e+002 7.87076904e+002 1.45272720e+002
    8.85461548e+002 1.45272720e+002 9.83846130e+002 1.45272720e+002
    9.83846130e+001 2.17909088e+002 1.96769226e+002 2.17909088e+002
    2.95153839e+002 2.17909088e+002 3.93538452e+002 2.17909088e+002
    4.91923065e+002 2.17909088e+002 5.90307678e+002 2.17909088e+002
    6.88692261e+002 2.17909088e+002 7.87076904e+002 2.17909088e+002
    8.85461548e+002 2.17909088e+002 9.83846130e+002 2.17909088e+002
    9.83846130e+001 2.90545441e+002 1.96769226e+002 2.90545441e+002
    2.95153839e+002 2.90545441e+002 3.93538452e+002 2.90545441e+002
    4.91923065e+002 2.90545441e+002 5.90307678e+002 2.90545441e+002
    6.88692261e+002 2.90545441e+002 7.87076904e+002 2.90545441e+002
    8.85461548e+002 2.90545441e+002 9.83846130e+002 2.90545441e+002
    9.83846130e+001 3.63181793e+002 1.96769226e+002 3.63181793e+002
    2.95153839e+002 3.63181793e+002 3.93538452e+002 3.63181793e+002
    4.91923065e+002 3.63181793e+002 5.90307678e+002 3.63181793e+002
    6.88692261e+002 3.63181793e+002 7.87076904e+002 3.63181793e+002
    8.85461548e+002 3.63181793e+002 9.83846130e+001 4.35818176e+002
    1.96769226e+002 4.35818176e+002 2.95153839e+002 4.35818176e+002
    3.93538452e+002 4.35818176e+002 4.91923065e+002 4.35818176e+002
    5.90307678e+002 4.35818176e+002 6.88692261e+002 4.35818176e+002
    7.87076904e+002 4.35818176e+002 8.85461548e+002 4.35818176e+002
    9.83846130e+001 5.08454529e+002 1.96769226e+002 5.08454529e+002
    2.95153839e+002 5.08454529e+002 3.93538452e+002 5.08454529e+002
    4.91923065e+002 5.08454529e+002 5.90307678e+002 5.08454529e+002
    6.88692261e+002 5.08454529e+002 7.87076904e+002 5.08454529e+002
    1.96769226e+002 5.81090881e+002 2.95153839e+002 5.81090881e+002
    3.93538452e+002 5.81090881e+002 4.91923065e+002 5.81090881e+002
    5.90307678e+002 5.81090881e+002 6.88692261e+002 5.81090881e+002
    2.95153839e+002 6.53727234e+002 3.93538452e+002 6.53727234e+002
    4.91923065e+002 6.53727234e+002</data></proj_pts>
</opencv_storage>
