<?xml version="1.0"?>
<opencv_storage>
<!-- random blobs in camera coordinate system -->
<cam_pts type_id="opencv-matrix">
  <rows>198</rows>
  <cols>2</cols>
  <dt>f</dt>
  <data>
    5.74145203e+002 1.17034470e+002 6.19921204e+002 1.05294762e+002
    6.66676514e+002 9.37984238e+001 7.13969177e+002 8.25192261e+001
    7.61325256e+002 7.14977112e+001 8.08923584e+002 6.10951614e+001
    8.56583801e+002 5.11015892e+001 9.04136719e+002 4.10924644e+001
    9.50546143e+002 3.22606316e+001 9.96860535e+002 2.30742626e+001
    1.04182251e+003 1.47273598e+001 5.83383911e+002 1.50121323e+002
    6.30181702e+002 1.39232407e+002 6.77643372e+002 1.28526321e+002
    7.26126587e+002 1.18148117e+002 7.74696960e+002 1.08189369e+002
    8.23218750e+002 9.84907074e+001 8.72345703e+002 8.92811813e+001
    9.21051819e+002 8.06470337e+001 9.69372803e+002 7.26809616e+001
    1.01718738e+003 6.48163223e+001 1.06375574e+003 5.73344307e+001
    1.10917993e+003 5.08178520e+001 1.15252722e+003 4.42400436e+001
    1.19378967e+003 3.78281555e+001 5.90977661e+002 1.84529526e+002
    6.38501709e+002 1.74612015e+002 6.86954773e+002 1.64804977e+002
    7.36559265e+002 1.55290253e+002 7.86127197e+002 1.46286469e+002
    8.36189026e+002 1.37692902e+002 8.86432556e+002 1.29662155e+002
    9.36620483e+002 1.22015259e+002 9.86161926e+002 1.14793800e+002
    1.03555273e+003 1.08301971e+002 1.08341675e+003 1.02344612e+002
    1.13024048e+003 9.67595901e+001 1.17541516e+003 9.19297333e+001
    1.21787610e+003 8.72972641e+001 5.97131897e+002 2.20527359e+002
    6.45616516e+002 2.11468887e+002 6.95112000e+002 2.02760345e+002
    7.45349426e+002 1.94307388e+002 7.96228088e+002 1.86239670e+002
    8.47327026e+002 1.78755173e+002 8.98740723e+002 1.71575745e+002
    9.50136719e+002 1.65187927e+002 1.00123535e+003 1.59294968e+002
    1.05172729e+003 1.53882278e+002 1.10106055e+003 1.49626160e+002
    1.14917346e+003 1.45608170e+002 1.19593201e+003 1.41678635e+002
    1.24013525e+003 1.38970459e+002 6.01881470e+002 2.57991638e+002
    6.51119141e+002 2.50021072e+002 7.01504883e+002 2.42270401e+002
    7.52611694e+002 2.34900497e+002 8.04470642e+002 2.27981445e+002
    8.56789307e+002 2.21495789e+002 9.09375244e+002 2.15725601e+002
    9.61798889e+002 2.10428726e+002 1.01400610e+003 2.05842819e+002
    1.06581055e+003 2.01894928e+002 1.11639990e+003 1.98559647e+002
    1.16563721e+003 1.96002213e+002 1.21345898e+003 1.94377518e+002
    1.25893250e+003 1.93177490e+002 6.05038147e+002 2.96798981e+002
    6.55253601e+002 2.89909943e+002 7.06349548e+002 2.83376953e+002
    7.58408752e+002 2.77161652e+002 8.11017944e+002 2.71392639e+002
    8.64301331e+002 2.66137024e+002 9.17987244e+002 2.61518463e+002
    9.71651245e+002 2.57471008e+002 1.02473865e+003 2.54269180e+002
    1.07766821e+003 2.51749115e+002 1.12930273e+003 2.49889893e+002
    1.17962549e+003 2.48939423e+002 1.22841492e+003 2.48881851e+002
    6.06612244e+002 3.37012482e+002 6.57549927e+002 3.31297668e+002
    7.09537537e+002 3.25855194e+002 7.62209778e+002 3.20950684e+002
    8.15770386e+002 3.16543701e+002 8.69901733e+002 3.12672760e+002
    9.24601746e+002 3.09283112e+002 9.79251892e+002 3.06694122e+002
    1.03340845e+003 3.04674103e+002 1.08731885e+003 3.03669098e+002
    1.13984375e+003 3.03338623e+002 1.19096228e+003 3.04071808e+002
    1.24092126e+003 3.05533661e+002 6.06341980e+002 3.78415588e+002
    6.57956543e+002 3.73998627e+002 7.10833191e+002 3.69905060e+002
    7.64272766e+002 3.66276611e+002 8.18506775e+002 3.63148895e+002
    8.73333374e+002 3.60712555e+002 9.28947327e+002 3.58680481e+002
    9.84639526e+002 3.57489197e+002 1.03960608e+003 3.57125702e+002
    1.09409924e+003 3.57457672e+002 1.14757214e+003 3.59022308e+002
    1.19942578e+003 3.61140289e+002 1.24993225e+003 3.64752502e+002
    6.04619690e+002 4.21070984e+002 6.56645081e+002 4.17951477e+002
    7.10229492e+002 4.15224274e+002 7.64508240e+002 4.13044159e+002
    8.19264343e+002 4.11382233e+002 8.74970520e+002 4.10231049e+002
    9.31146362e+002 4.09945251e+002 9.87190796e+002 4.10205353e+002
    1.04292834e+003 4.11343750e+002 1.09834863e+003 4.13422119e+002
    1.15235535e+003 4.16348816e+002 1.20515308e+003 4.20289185e+002
    1.25580664e+003 4.25362518e+002 6.01001099e+002 4.64710815e+002
    6.53567688e+002 4.63117493e+002 7.07456299e+002 4.61854706e+002
    7.62273438e+002 4.61231262e+002 8.17979492e+002 4.60676819e+002
    8.74154846e+002 4.61387787e+002 9.30635132e+002 4.62680817e+002
    9.87508911e+002 4.64623840e+002 1.04376843e+003 4.67343140e+002
    1.09960974e+003 4.71018829e+002 1.15390979e+003 4.75702240e+002
    1.20696729e+003 4.81569977e+002 1.25794019e+003 4.88627594e+002
    5.95119202e+002 5.09390442e+002 6.48282227e+002 5.09294464e+002
    7.02685730e+002 5.09513000e+002 7.58145325e+002 5.10219421e+002
    8.14063354e+002 5.12009277e+002 8.71078918e+002 5.14056274e+002
    9.28072754e+002 5.16828918e+002 9.84960510e+002 5.20413574e+002
    1.04160522e+003 5.24869324e+002 1.09767688e+003 5.30229370e+002
    1.15222974e+003 5.36672546e+002 1.20508704e+003 5.44540100e+002
    1.25610510e+003 5.53603333e+002 5.87040833e+002 5.54923340e+002
    6.40831909e+002 5.56208008e+002 6.95633240e+002 5.58129211e+002
    7.51164124e+002 5.61007324e+002 8.07787231e+002 5.63732056e+002
    8.64678589e+002 5.68114746e+002 9.22281738e+002 5.72127808e+002
    9.79594299e+002 5.77500122e+002 1.03643738e+003 5.83723572e+002
    1.09253210e+003 5.90786743e+002 1.14670544e+003 5.99257813e+002
    1.19956128e+003 6.08931702e+002 1.24990320e+003 6.20162292e+002
    5.77052673e+002 6.00906433e+002 6.30737061e+002 6.04038147e+002
    6.86058411e+002 6.07370728e+002 7.41592590e+002 6.11979248e+002
    7.98398315e+002 6.16832886e+002 8.55813477e+002 6.21979736e+002
    9.13368042e+002 6.28412109e+002 9.71014282e+002 6.35484314e+002
    1.02762354e+003 6.43323242e+002 1.08356140e+003 6.52489197e+002
    1.13759058e+003 6.62554688e+002 1.18964990e+003 6.74099548e+002
    1.23977429e+003 6.87766052e+002 5.64782227e+002 6.47405212e+002
    6.18810059e+002 6.52083618e+002 6.73772888e+002 6.57389343e+002
    7.29798279e+002 6.63362610e+002 7.86351746e+002 6.70084290e+002
    8.43808655e+002 6.77288879e+002 9.01376465e+002 6.85187317e+002
    9.58632935e+002 6.94150269e+002 1.01498108e+003 7.03861084e+002
    1.07020203e+003 7.14916870e+002 1.12405115e+003 7.27083740e+002
    1.17573010e+003 7.40719421e+002 1.22428528e+003 7.55974792e+002
    5.49921631e+002 6.93979004e+002 6.03751465e+002 7.00330872e+002
    6.58921692e+002 7.07508972e+002 7.14687988e+002 7.15239502e+002
    7.71237549e+002 7.23605774e+002 8.28225220e+002 7.32757690e+002
    8.85521484e+002 7.42557251e+002 9.42294556e+002 7.53092163e+002
    9.98160767e+002 7.64910339e+002 1.05285754e+003 7.77897156e+002
    1.10530017e+003 7.92183411e+002 1.15559058e+003 8.07724548e+002
    1.20225342e+003 8.26132446e+002 1.24415894e+003 8.46860229e+002</data></cam_pts>
<!-- blobs in projector coordinate system -->
