<?xml version="1.0"?>
<opencv_storage>
<!-- random blobs in camera coordinate system -->
<cam_pts type_id="opencv-matrix">
  <rows>161</rows>
  <cols>2</cols>
  <dt>f</dt>
  <data>
    2.74886780e+002 6.71811035e+002 3.24064728e+002 6.81711975e+002
    3.74154449e+002 6.88990784e+002 4.24875214e+002 6.93632568e+002
    4.76276489e+002 6.95768677e+002 5.28126770e+002 6.95715027e+002
    5.80551514e+002 6.93346619e+002 6.33050293e+002 6.88754089e+002
    6.85389221e+002 6.81804382e+002 7.37588806e+002 6.72596191e+002
    7.89175781e+002 6.61125549e+002 8.40158875e+002 6.47417297e+002
    8.90491882e+002 6.30954285e+002 9.39436096e+002 6.12813477e+002
    9.87060425e+002 5.91636719e+002 1.03351721e+003 5.67807617e+002
    1.07828528e+003 5.41538208e+002 1.12093713e+003 5.13014832e+002
    2.65976746e+002 7.05411865e+002 3.16408142e+002 7.16329834e+002
    3.68159363e+002 7.24521912e+002 4.20705566e+002 7.30036621e+002
    4.73991669e+002 7.32754272e+002 5.27686707e+002 7.32825256e+002
    5.81985107e+002 7.30526917e+002 6.36302429e+002 7.26034424e+002
    6.90626770e+002 7.18906677e+002 7.44764038e+002 7.09304626e+002
    7.98052307e+002 6.97327881e+002 8.51028503e+002 6.82847717e+002
    9.03055786e+002 6.65861023e+002 9.53724609e+002 6.46720276e+002
    1.00289874e+003 6.24406555e+002 1.05050952e+003 5.99462891e+002
    1.09696130e+003 5.71672058e+002 1.14102405e+003 5.41206970e+002
    2.55874161e+002 7.39867920e+002 3.08324493e+002 7.51983948e+002
    3.61872559e+002 7.61073486e+002 4.16270325e+002 7.67364685e+002
    4.71380249e+002 7.70768066e+002 5.27071045e+002 7.71226563e+002
    5.83261475e+002 7.69127808e+002 6.39727539e+002 7.64442810e+002
    6.95975037e+002 7.57189148e+002 7.52114014e+002 7.47467651e+002
    8.07472168e+002 7.34903076e+002 8.62201843e+002 7.19756287e+002
    9.16073242e+002 7.01969910e+002 9.68430603e+002 6.81349487e+002
    1.01919861e+003 6.58102173e+002 1.06864648e+003 6.31622681e+002
    1.11592371e+003 6.02610718e+002 1.16195935e+003 5.69437439e+002
    2.45008087e+002 7.74783875e+002 2.99416046e+002 7.88418823e+002
    3.54904541e+002 7.98574463e+002 4.11284271e+002 8.05695923e+002
    4.68412170e+002 8.09846008e+002 5.26265686e+002 8.10973694e+002
    5.84642395e+002 8.09068604e+002 6.43037170e+002 8.04347961e+002
    7.01434143e+002 7.96920471e+002 7.59740967e+002 7.86773254e+002
    8.17157532e+002 7.73829102e+002 8.73937439e+002 7.57740723e+002
    9.29772583e+002 7.38974609e+002 9.83842957e+002 7.17240601e+002
    1.03655298e+003 6.92547546e+002 1.08745532e+003 6.64563110e+002
    1.13675745e+003 6.32623108e+002 1.18373560e+003 5.97636536e+002
    2.33458008e+002 8.10500549e+002 2.89659790e+002 8.25609375e+002
    3.47382019e+002 8.37260803e+002 4.05864594e+002 8.45292847e+002
    4.65197784e+002 8.50154358e+002 5.25206970e+002 8.51962341e+002
    5.85941040e+002 8.50280151e+002 6.46467529e+002 8.45623901e+002
    7.07182617e+002 8.37996460e+002 7.67744263e+002 8.27393250e+002
    8.27402832e+002 8.13747070e+002 8.86102234e+002 7.97011658e+002
    9.43844971e+002 7.77064880e+002 1.00017096e+003 7.54244690e+002
    1.05440332e+003 7.27915405e+002 1.10743970e+003 6.98084412e+002
    1.15834021e+003 6.64454163e+002 1.20654871e+003 6.25786682e+002
    2.20525436e+002 8.46476868e+002 2.79261139e+002 8.63757568e+002
    3.38954102e+002 8.76644897e+002 3.99774811e+002 8.85851440e+002
    4.61363251e+002 8.91758667e+002 5.23880981e+002 8.94030945e+002
    5.86772400e+002 8.92878540e+002 6.50016052e+002 8.88176819e+002
    7.12997314e+002 8.80386597e+002 7.75754272e+002 8.69310120e+002
    8.37897278e+002 8.55108948e+002 8.98854553e+002 8.37418091e+002
    9.58982361e+002 8.16178833e+002 1.01715997e+003 7.91871521e+002
    1.07341650e+003 7.63698425e+002 1.12822864e+003 7.31328369e+002
    1.18054993e+003 6.95078125e+002 1.23092810e+003 6.53389282e+002
    2.06714096e+002 8.82636597e+002 2.67318085e+002 9.01939026e+002
    3.29693024e+002 9.16580688e+002 3.93235016e+002 9.27394470e+002
    4.57149384e+002 9.34046692e+002 5.21915649e+002 9.37132019e+002
    5.87764954e+002 9.36487122e+002 6.53402344e+002 9.32045715e+002
    7.18952454e+002 9.24012085e+002 7.84516174e+002 9.12427002e+002
    8.48954773e+002 8.97428162e+002 9.12380493e+002 8.78716736e+002
    9.74479187e+002 8.56047363e+002 1.03492493e+003 8.29913147e+002
    1.09369849e+003 7.99948792e+002 1.15035291e+003 7.65359497e+002
    1.20463379e+003 7.25553650e+002 1.25633545e+003 6.81029480e+002
    1.90636398e+002 9.18295959e+002 2.54544464e+002 9.40397278e+002
    3.19356476e+002 9.56954651e+002 3.85166168e+002 9.69306091e+002
    4.52054230e+002 9.77259277e+002 5.19657959e+002 9.81387817e+002
    5.87849854e+002 9.81191650e+002 6.56712280e+002 9.76807861e+002
    7.24773132e+002 9.68635071e+002 7.93076477e+002 9.56545471e+002
    8.60376648e+002 9.40623108e+002 9.26225037e+002 9.21115417e+002
    9.91431091e+002 8.96584778e+002 1.05403296e+003 8.68724304e+002
    1.11510754e+003 8.36048218e+002 1.17367151e+003 7.98547913e+002
    1.23022217e+003 7.55200928e+002 1.72250946e+002 9.52691528e+002
    2.39612061e+002 9.78310242e+002 3.07635956e+002 9.97555542e+002
    3.76289246e+002 1.01152136e+003 8.02515442e+002 1.00188281e+003
    8.72257629e+002 9.85185974e+002 9.41243530e+002 9.64104553e+002
    1.00883435e+003 9.37923767e+002 1.07459436e+003 9.07574036e+002
    1.13779211e+003 8.71743713e+002 1.19919775e+003 8.30252258e+002
    1.25722742e+003 7.82611755e+002 9.57252197e+002 1.00701538e+003
    1.02734485e+003 9.79335999e+002 1.09624329e+003 9.45872192e+002
    1.16261731e+003 9.06554199e+002 1.22597510e+003 8.60604919e+002
    1.11937793e+003 9.83008972e+002</data></cam_pts>
<!-- blobs in projector coordinate system -->
