<?xml version="1.0"?>
<opencv_storage>
<nrofframes>15</nrofframes>
<image_width>1280</image_width>
<image_height>800</image_height>
<board_width>10</board_width>
<board_height>8</board_height>
<square_size>1</square_size>
<camera_matrix type_id="opencv-matrix">
  <rows>3</rows>
  <cols>3</cols>
  <dt>d</dt>
  <data>
    1.4348732287307598e+003 0. 6.1217985954388803e+002 0.
    1.4421216227344521e+003 7.9468888129813320e+002 0. 0. 1.</data></camera_matrix>
<distortion_coefficients type_id="opencv-matrix">
  <rows>5</rows>
  <cols>1</cols>
  <dt>d</dt>
  <data>
    8.8812300435261726e-002 -2.1405989452592386e-001
    -1.0281127722079105e-003 6.8460012548975302e-003
    1.0499718183450465e-001</data></distortion_coefficients>
<reprojection_error>4.2734706401824951e-001</reprojection_error>
<!-- a set of 6-tuples (rotation vector + translation vector) for each view -->
<extrinsic_parameters type_id="opencv-matrix">
  <rows>15</rows>
  <cols>6</cols>
  <dt>d</dt>
  <data>
    -2.6189990307625182e-002 -2.6218092543146798e-001
    -1.4881292604933150e-002 -8.2712398134630991e+000
    -1.6019915342554135e+001 1.6756990415729621e+001
    -7.6345069751122027e-002 -2.6894510014081091e-001
    -8.7769141099254142e-002 -8.7454442110702164e+000
    -1.4946874693240058e+001 1.6295066232110226e+001
    -1.1006007118425375e-001 -2.3857247781341118e-001
    -1.2504970306268135e-002 -9.7735980432757774e+000
    -1.4612717179292575e+001 1.2520048160134957e+001
    -2.4878896426619967e-001 2.2984750296094741e-001
    1.7247163957669537e-001 -8.0791880370599234e+000
    -1.5440431593343307e+001 1.7379932675217500e+001
    -1.2957167513163578e-001 1.6969193865339096e-002
    -4.2803543305390667e-003 -8.4110768694602704e+000
    -1.6633816582017648e+001 2.0720858226702095e+001
    -9.4675750454466537e-002 -3.2996540744655439e-001
    -1.2573217458285221e-001 -8.4688342598964859e+000
    -1.5263851023544447e+001 1.6596493486207937e+001
    -2.6711762291153796e-001 -4.4734126835009491e-001
    -7.7661067796204316e-003 -7.0171777368225356e+000
    -1.5986443423347110e+001 1.7461456190926906e+001
    -1.8412041633272896e-001 8.4710858019647096e-003
    2.6815564455800474e-002 -9.5764947177436248e+000
    -1.5729017076027647e+001 1.9402755339164624e+001
    4.8605958342793348e-001 -1.1506254426338052e-002
    3.3012529536591388e-002 -1.0212278758953417e+001
    -1.3659970223677147e+001 1.2049118111663587e+001
    7.1187065200339572e-002 3.7671790023347440e-001
    1.5123915638932592e-001 -9.2444873703544364e+000
    -1.5784123444036048e+001 1.7595198724600856e+001
    1.1892272353285077e-001 -1.8100861467112395e-001
    3.2756777132186499e-002 -8.0286808601143402e+000
    -1.6189415474445067e+001 1.6138025626345172e+001
    1.4120070527739847e-001 -4.0362939812570253e-001
    -1.1444622443691264e-002 -5.6213891875789077e+000
    -1.5766121627848468e+001 1.4799662764223363e+001
    -9.0881780217447181e-002 2.0756040487377339e-001
    3.5185856006049687e-001 -7.8380063009212062e+000
    -1.7838060516465038e+001 1.9035034250719441e+001
    -1.9035249487606192e-002 -1.2737898132869721e-001
    6.1798151259300181e-003 -8.6254094488375728e+000
    -1.6236123665356814e+001 1.7454448568948674e+001
    -2.9792918803735857e-002 -4.4113350142407792e-001
    -4.4417223841963602e-002 -6.3150133662292189e+000
    -1.5724772177654167e+001 1.4537409125255708e+001</data></extrinsic_parameters>
</opencv_storage>
