<?xml version="1.0"?>
<opencv_storage>
<!-- random blobs in camera coordinate system -->
<cam_pts type_id="opencv-matrix">
  <rows>191</rows>
  <cols>2</cols>
  <dt>f</dt>
  <data>
    5.53641907e+002 8.27444763e+001 5.99938965e+002 7.11219940e+001
    6.47249939e+002 5.97842979e+001 6.95177124e+002 4.82576294e+001
    7.42948059e+002 3.73260651e+001 7.90804077e+002 2.70835724e+001
    8.38871826e+002 1.70570450e+001 5.64047363e+002 1.15999786e+002
    6.11592468e+002 1.04940765e+002 6.59680969e+002 9.40368195e+001
    7.08590332e+002 8.36192551e+001 7.57566162e+002 7.36251068e+001
    8.06771973e+002 6.42465515e+001 8.56044800e+002 5.51887665e+001
    9.05268127e+002 4.67623291e+001 9.53713745e+002 3.89479637e+001
    1.00192133e+003 3.14803677e+001 1.04848596e+003 2.42578030e+001
    1.09416980e+003 1.78709717e+001 5.73214050e+002 1.50028168e+002
    6.21343872e+002 1.39922134e+002 6.70349243e+002 1.30146179e+002
    7.20330017e+002 1.20655418e+002 7.70385742e+002 1.11612625e+002
    8.20795105e+002 1.03304443e+002 8.71516296e+002 9.54141312e+001
    9.22019470e+002 8.80014267e+001 9.72144531e+002 8.12513351e+001
    1.02139917e+003 7.50808105e+001 1.06976965e+003 6.95360031e+001
    1.11689294e+003 6.45959625e+001 1.16168799e+003 5.97947044e+001
    5.80541321e+002 1.85627518e+002 6.29429749e+002 1.76513458e+002
    6.79364624e+002 1.67792923e+002 7.30268921e+002 1.59409348e+002
    7.81464661e+002 1.51425232e+002 8.33065979e+002 1.44131149e+002
    8.84813782e+002 1.37387726e+002 9.36629822e+002 1.31137466e+002
    9.88021240e+002 1.25658302e+002 1.03878796e+003 1.20784500e+002
    1.08857532e+003 1.16686470e+002 1.13692993e+003 1.13184120e+002
    1.18357983e+003 1.09695816e+002 5.86212830e+002 2.22886581e+002
    6.35962769e+002 2.14834930e+002 6.86912659e+002 2.07075928e+002
    7.38428894e+002 1.99772430e+002 7.90782471e+002 1.92999603e+002
    8.43339417e+002 1.86800613e+002 8.96450745e+002 1.81118042e+002
    9.49287170e+002 1.76310059e+002 1.00190753e+003 1.72069107e+002
    1.05411890e+003 1.68362823e+002 1.10477844e+003 1.65686813e+002
    1.15442383e+003 1.63686539e+002 1.20235657e+003 1.62165680e+002
    5.90348938e+002 2.61428772e+002 6.40987854e+002 2.54444275e+002
    6.92635498e+002 2.47949646e+002 7.45084961e+002 2.41833405e+002
    7.98238953e+002 2.36261642e+002 8.51931213e+002 2.31235229e+002
    9.05963196e+002 2.26862091e+002 9.59848755e+002 2.23274063e+002
    1.01350641e+003 2.20304291e+002 1.06668237e+003 2.18493118e+002
    1.11881873e+003 2.17181061e+002 1.16935852e+003 2.16646744e+002
    1.21867444e+003 2.17164490e+002 1.26532983e+003 2.18382233e+002
    5.92915771e+002 3.01422668e+002 6.44285217e+002 2.95599792e+002
    6.96649109e+002 2.90335938e+002 7.49774231e+002 2.85524445e+002
    8.03787415e+002 2.81218323e+002 8.58341431e+002 2.77499939e+002
    9.13413086e+002 2.74494354e+002 9.68367065e+002 2.72204102e+002
    1.02277020e+003 2.70695129e+002 1.07723511e+003 2.70087433e+002
    1.12995972e+003 2.70339233e+002 1.18186731e+003 2.71698395e+002
    1.23181177e+003 2.73526642e+002 5.93622742e+002 3.42605835e+002
    6.45670959e+002 3.38085693e+002 6.98821106e+002 3.34100586e+002
    7.52634460e+002 3.30618683e+002 8.07269287e+002 3.27703674e+002
    8.62641235e+002 3.25305817e+002 9.18628296e+002 3.23800385e+002
    9.74311707e+002 3.23031891e+002 1.02982458e+003 3.23015961e+002
    1.08463855e+003 3.23880432e+002 1.13825940e+003 3.25709229e+002
    1.19069800e+003 3.28620575e+002 1.24167419e+003 3.32508636e+002
    5.92706177e+002 3.84977997e+002 6.45179077e+002 3.81963959e+002
    6.99034485e+002 3.79303009e+002 7.53562378e+002 3.77185059e+002
    8.08739197e+002 3.75731934e+002 8.64726379e+002 3.74907349e+002
    9.21198975e+002 3.74699554e+002 9.77865234e+002 3.75456940e+002
    1.03397839e+003 3.77051971e+002 1.08968799e+003 3.79619232e+002
    1.14394910e+003 3.83113953e+002 1.19700781e+003 3.87881836e+002
    1.24813660e+003 3.93578094e+002 5.90021729e+002 4.28431824e+002
    6.42837219e+002 4.26860809e+002 6.97104126e+002 4.25729340e+002
    7.52290161e+002 4.25066040e+002 8.08234863e+002 4.24893890e+002
    8.64518921e+002 4.25856415e+002 9.21641785e+002 4.27324402e+002
    9.78852722e+002 4.29583405e+002 1.03550903e+003 4.32842102e+002
    1.09174146e+003 4.37047119e+002 1.14662744e+003 4.41955963e+002
    1.19992798e+003 4.48490448e+002 1.25178076e+003 4.56249512e+002
    5.85148865e+002 4.73044769e+002 6.38532043e+002 4.72911957e+002
    6.93353271e+002 4.73133484e+002 7.48833862e+002 4.74185852e+002
    8.05087341e+002 4.75779724e+002 8.62266541e+002 4.78072083e+002
    9.19574646e+002 4.81213348e+002 9.76969666e+002 4.85241333e+002
    1.03401245e+003 4.90034790e+002 1.09034973e+003 4.95995636e+002
    1.14541699e+003 5.02871277e+002 1.19892993e+003 5.10822968e+002
    1.25038904e+003 5.20500366e+002 5.78141785e+002 5.18285583e+002
    6.32112671e+002 5.19713806e+002 6.87047485e+002 5.21794312e+002
    7.43107971e+002 5.23907349e+002 7.99838501e+002 5.27218445e+002
    8.57117676e+002 5.31312927e+002 9.14837036e+002 5.36284058e+002
    9.72349060e+002 5.41922852e+002 1.02946655e+003 5.48400696e+002
    1.08586914e+003 5.56219299e+002 1.14096985e+003 5.64887390e+002
    1.19397571e+003 5.75071472e+002 1.24511572e+003 5.86372620e+002
    5.68967102e+002 5.64239075e+002 6.23213257e+002 5.67229736e+002
    6.78374390e+002 5.70908936e+002 7.34580505e+002 5.75057312e+002
    7.91620667e+002 5.79869629e+002 8.49090149e+002 5.85725952e+002
    9.06949036e+002 5.92385803e+002 9.64746887e+002 5.99759399e+002
    1.02169360e+003 6.07967041e+002 1.07789001e+003 6.17360474e+002
    1.13251428e+003 6.27905823e+002 1.18529492e+003 6.39708191e+002
    1.23582361e+003 6.53447205e+002 5.58162354e+002 6.10399780e+002
    6.12090332e+002 6.15045593e+002 6.67295471e+002 6.20429504e+002
    7.23507141e+002 6.26512756e+002 7.80569092e+002 6.33294434e+002
    8.37736328e+002 6.40966614e+002 8.95821045e+002 6.48882568e+002
    9.53513062e+002 6.58082031e+002 1.01024329e+003 6.68091980e+002
    1.06615210e+003 6.79329468e+002 1.12015198e+003 6.91773926e+002
    1.17243530e+003 7.05363770e+002 1.22176721e+003 7.21254028e+002
    1.26758276e+003 7.38610413e+002 5.44580078e+002 6.56871094e+002
    5.98443298e+002 6.63379700e+002 6.53653503e+002 6.70405640e+002
    7.09761169e+002 6.78159607e+002 7.66453247e+002 6.86659973e+002
    8.23724121e+002 6.95995300e+002 8.81102112e+002 7.06091797e+002
    9.38405212e+002 7.16904175e+002 9.94749512e+002 7.28966370e+002
    1.05003503e+003 7.41682373e+002 1.10329553e+003 7.55828125e+002
    1.15449683e+003 7.71437683e+002 1.20219385e+003 7.89095642e+002
    1.24563086e+003 8.09323303e+002</data></cam_pts>
<!-- blobs in projector coordinate system -->
