<?xml version="1.0"?>
<opencv_storage>
<!-- random blobs in camera coordinate system -->
<cam_pts type_id="opencv-matrix">
  <rows>85</rows>
  <cols>2</cols>
  <dt>f</dt>
  <data>
    8.25491333e+002 1.44175980e+002 7.80955566e+002 1.96269318e+002
    7.44315613e+002 2.54803787e+002 7.14402588e+002 3.15526672e+002
    6.88058960e+002 3.78857025e+002 6.64828308e+002 4.43218842e+002
    6.44391296e+002 5.08021393e+002 6.27961487e+002 5.73446777e+002
    6.14368835e+002 6.38216064e+002 6.04049988e+002 7.02653748e+002
    5.97973389e+002 7.66217896e+002 7.85254822e+002 1.21751030e+002
    7.38383301e+002 1.76509995e+002 7.00768311e+002 2.36938492e+002
    6.70033691e+002 2.99731384e+002 6.43244995e+002 3.65072906e+002
    6.19803284e+002 4.31732880e+002 5.99671204e+002 4.98712494e+002
    5.82857239e+002 5.65849243e+002 5.69515686e+002 6.32654358e+002
    5.59774109e+002 6.98838562e+002 5.54620850e+002 7.64301147e+002
    7.44412109e+002 1.00465897e+002 6.95149170e+002 1.57013565e+002
    6.56468445e+002 2.19292969e+002 6.24618347e+002 2.84142181e+002
    5.97062622e+002 3.51528046e+002 5.73366150e+002 4.20328369e+002
    5.53256470e+002 4.89565094e+002 5.36698425e+002 5.58755737e+002
    5.23817688e+002 6.27532227e+002 5.14899841e+002 6.95732117e+002
    5.10783508e+002 7.63348877e+002 6.51460388e+002 1.37763763e+002
    6.11343628e+002 2.01816162e+002 5.77973938e+002 2.69341034e+002
    5.49825012e+002 3.38276398e+002 5.25828979e+002 4.09307159e+002
    5.05790039e+002 4.80824829e+002 4.89532593e+002 5.52189819e+002
    4.77229248e+002 6.23140259e+002 4.69699829e+002 6.92673218e+002
    4.66364929e+002 7.63578430e+002 6.07696838e+002 1.18732971e+002
    5.65279236e+002 1.84556595e+002 5.30708313e+002 2.54202759e+002
    5.01671417e+002 3.25683807e+002 4.77272705e+002 3.98729828e+002
    4.57264893e+002 4.72537628e+002 4.41479889e+002 5.46241882e+002
    4.30303162e+002 6.19376099e+002 4.23680115e+002 6.91602234e+002
    4.21926392e+002 7.64690369e+002 5.64178528e+002 1.01578186e+002
    5.18868713e+002 1.67887589e+002 4.82698578e+002 2.39713303e+002
    4.52960968e+002 3.13878296e+002 4.28135254e+002 3.89027222e+002
    4.08404968e+002 4.65095062e+002 3.93401947e+002 5.40878357e+002
    3.82951965e+002 6.16714600e+002 3.77307465e+002 6.91953369e+002
    3.77847504e+002 7.67828979e+002 4.72507385e+002 1.52196030e+002
    4.33912415e+002 2.26021072e+002 4.03161316e+002 3.02142120e+002
    3.78288361e+002 3.80139984e+002 3.58812561e+002 4.58614349e+002
    3.44294250e+002 5.37023499e+002 3.34771484e+002 6.15639343e+002
    3.31100311e+002 6.93854797e+002 3.35151459e+002 7.73071045e+002
    3.85896667e+002 2.13247528e+002 3.53367188e+002 2.91889557e+002
    3.27778259e+002 3.72184814e+002 3.08457397e+002 4.53474518e+002
    2.94897827e+002 5.34878601e+002 2.87343201e+002 6.16749023e+002
    2.86612976e+002 6.98485352e+002 2.95216370e+002 7.82576660e+002
    3.04924255e+002 2.83759766e+002 2.78342743e+002 3.66726440e+002
    2.59337372e+002 4.50589600e+002 2.47190567e+002 5.34997437e+002
    2.41910095e+002 6.20979492e+002</data></cam_pts>
<!-- blobs in projector coordinate system -->
<proj_pts type_id="opencv-matrix">
  <rows>85</rows>
  <cols>2</cols>
  <dt>f</dt>
  <data>
    1.96769226e+002 7.26363602e+001 2.95153839e+002 7.26363602e+001
    3.93538452e+002 7.26363602e+001 4.91923065e+002 7.26363602e+001
    5.90307678e+002 7.26363602e+001 6.88692261e+002 7.26363602e+001
    7.87076904e+002 7.26363602e+001 8.85461548e+002 7.26363602e+001
    9.83846130e+002 7.26363602e+001 1.08223071e+003 7.26363602e+001
    1.18061536e+003 7.26363602e+001 1.96769226e+002 1.45272720e+002
    2.95153839e+002 1.45272720e+002 3.93538452e+002 1.45272720e+002
    4.91923065e+002 1.45272720e+002 5.90307678e+002 1.45272720e+002
    6.88692261e+002 1.45272720e+002 7.87076904e+002 1.45272720e+002
    8.85461548e+002 1.45272720e+002 9.83846130e+002 1.45272720e+002
    1.08223071e+003 1.45272720e+002 1.18061536e+003 1.45272720e+002
    1.96769226e+002 2.17909088e+002 2.95153839e+002 2.17909088e+002
    3.93538452e+002 2.17909088e+002 4.91923065e+002 2.17909088e+002
    5.90307678e+002 2.17909088e+002 6.88692261e+002 2.17909088e+002
    7.87076904e+002 2.17909088e+002 8.85461548e+002 2.17909088e+002
    9.83846130e+002 2.17909088e+002 1.08223071e+003 2.17909088e+002
    1.18061536e+003 2.17909088e+002 2.95153839e+002 2.90545441e+002
    3.93538452e+002 2.90545441e+002 4.91923065e+002 2.90545441e+002
    5.90307678e+002 2.90545441e+002 6.88692261e+002 2.90545441e+002
    7.87076904e+002 2.90545441e+002 8.85461548e+002 2.90545441e+002
    9.83846130e+002 2.90545441e+002 1.08223071e+003 2.90545441e+002
    1.18061536e+003 2.90545441e+002 2.95153839e+002 3.63181793e+002
    3.93538452e+002 3.63181793e+002 4.91923065e+002 3.63181793e+002
    5.90307678e+002 3.63181793e+002 6.88692261e+002 3.63181793e+002
    7.87076904e+002 3.63181793e+002 8.85461548e+002 3.63181793e+002
    9.83846130e+002 3.63181793e+002 1.08223071e+003 3.63181793e+002
    1.18061536e+003 3.63181793e+002 2.95153839e+002 4.35818176e+002
    3.93538452e+002 4.35818176e+002 4.91923065e+002 4.35818176e+002
    5.90307678e+002 4.35818176e+002 6.88692261e+002 4.35818176e+002
    7.87076904e+002 4.35818176e+002 8.85461548e+002 4.35818176e+002
    9.83846130e+002 4.35818176e+002 1.08223071e+003 4.35818176e+002
    1.18061536e+003 4.35818176e+002 3.93538452e+002 5.08454529e+002
    4.91923065e+002 5.08454529e+002 5.90307678e+002 5.08454529e+002
    6.88692261e+002 5.08454529e+002 7.87076904e+002 5.08454529e+002
    8.85461548e+002 5.08454529e+002 9.83846130e+002 5.08454529e+002
    1.08223071e+003 5.08454529e+002 1.18061536e+003 5.08454529e+002
    4.91923065e+002 5.81090881e+002 5.90307678e+002 5.81090881e+002
    6.88692261e+002 5.81090881e+002 7.87076904e+002 5.81090881e+002
    8.85461548e+002 5.81090881e+002 9.83846130e+002 5.81090881e+002
    1.08223071e+003 5.81090881e+002 1.18061536e+003 5.81090881e+002
    5.90307678e+002 6.53727234e+002 6.88692261e+002 6.53727234e+002
    7.87076904e+002 6.53727234e+002 8.85461548e+002 6.53727234e+002
    9.83846130e+002 6.53727234e+002</data></proj_pts>
</opencv_storage>
