<?xml version="1.0"?>
<opencv_storage>
<!-- random blobs in camera coordinate system -->
<cam_pts type_id="opencv-matrix">
  <rows>211</rows>
  <cols>2</cols>
  <dt>f</dt>
  <data>
    3.10290802e+002 3.45241776e+001 3.33932465e+002 7.58364639e+001
    3.61058319e+002 1.16051071e+002 3.90927246e+002 1.54648178e+002
    4.22845306e+002 1.91939697e+002 4.56435089e+002 2.27963928e+002
    4.91633942e+002 2.62897705e+002 5.27583496e+002 2.96666779e+002
    5.65627686e+002 3.28799347e+002 6.04277771e+002 3.59777161e+002
    6.42812195e+002 3.89747467e+002 6.82878357e+002 4.17810150e+002
    7.23657776e+002 4.44226257e+002 7.64387146e+002 4.69548004e+002
    8.05337158e+002 4.93108582e+002 2.53137512e+002 1.61621571e+001
    2.74465668e+002 6.07362556e+001 2.99656311e+002 1.03632004e+002
    3.28223175e+002 1.44409790e+002 3.59502991e+002 1.84042175e+002
    3.92983215e+002 2.22094528e+002 4.28117035e+002 2.58912567e+002
    4.64969147e+002 2.94429504e+002 5.02884979e+002 3.28504364e+002
    5.42013916e+002 3.61393036e+002 5.82319397e+002 3.92759644e+002
    6.22897766e+002 4.22738159e+002 6.63886780e+002 4.51200562e+002
    7.06208740e+002 4.77804413e+002 7.48550110e+002 5.03067413e+002
    7.90742249e+002 5.26653748e+002 2.15978683e+002 4.28602829e+001
    2.38501755e+002 8.87734680e+001 2.65060364e+002 1.32850571e+002
    2.95030151e+002 1.74654114e+002 3.27727783e+002 2.15044052e+002
    3.62869019e+002 2.53945358e+002 3.99645477e+002 2.91370636e+002
    4.38240204e+002 3.27596558e+002 4.77866180e+002 3.62238434e+002
    5.18469604e+002 3.95602020e+002 5.60288635e+002 4.27343353e+002
    6.02727966e+002 4.57496582e+002 6.44999695e+002 4.86303833e+002
    6.88586487e+002 5.13131714e+002 7.32900208e+002 5.38053833e+002
    7.76600281e+002 5.61418579e+002 1.59538422e+002 2.00780659e+001
    1.78303589e+002 7.05384979e+001 2.02475922e+002 1.18169502e+002
    2.30320999e+002 1.63182800e+002 2.61660034e+002 2.06297302e+002
    2.95906769e+002 2.47783142e+002 3.32591644e+002 2.87524292e+002
    3.71123505e+002 3.25684387e+002 4.11319763e+002 3.62539398e+002
    4.52667389e+002 3.97644104e+002 4.95152954e+002 4.31428314e+002
    5.38521484e+002 4.63576752e+002 5.82772034e+002 4.93854187e+002
    6.27182312e+002 5.22499512e+002 6.72174316e+002 5.49339783e+002
    7.17597534e+002 5.74412903e+002 7.62717529e+002 5.97557983e+002
    1.21368866e+002 4.88333931e+001 1.40909225e+002 1.00424889e+002
    1.65886719e+002 1.49295395e+002 1.95325485e+002 1.95784775e+002
    2.27880142e+002 2.39864929e+002 2.63907715e+002 2.82371735e+002
    3.01930389e+002 3.22965851e+002 3.42243042e+002 3.61896759e+002
    3.84318420e+002 3.99381927e+002 4.27245941e+002 4.35150543e+002
    4.71876038e+002 4.69056396e+002 5.16539307e+002 5.01651978e+002
    5.62906372e+002 5.31899475e+002 6.08713074e+002 5.60784851e+002
    6.55290405e+002 5.87580322e+002 7.02922363e+002 6.12215454e+002
    7.49627075e+002 6.35138855e+002 1.02151718e+002 1.31610687e+002
    1.28945358e+002 1.82137329e+002 1.59719803e+002 2.29764771e+002
    1.94226639e+002 2.75188873e+002 2.31590469e+002 3.18773621e+002
    2.71545166e+002 3.60335632e+002 3.13494659e+002 4.00022430e+002
    3.57429138e+002 4.38090942e+002 4.02547882e+002 4.74180725e+002
    4.48707581e+002 5.08545898e+002 4.95714600e+002 5.41234314e+002
    5.43421509e+002 5.71828125e+002 5.91499451e+002 6.00397522e+002
    6.39637085e+002 6.27093811e+002 6.88521606e+002 6.51555481e+002
    7.37556335e+002 6.74048706e+002 6.44524841e+001 1.64543381e+002
    9.16603775e+001 2.17003281e+002 1.24123093e+002 2.66224396e+002
    1.60423203e+002 3.12911560e+002 1.99579575e+002 3.57662415e+002
    2.41062469e+002 3.99693146e+002 2.84883057e+002 4.40180542e+002
    3.30722504e+002 4.78836090e+002 3.77703064e+002 5.15261230e+002
    4.25733368e+002 5.50064331e+002 4.74933197e+002 5.82728882e+002
    5.24479919e+002 6.13364380e+002 5.74459290e+002 6.41794800e+002
    6.24506287e+002 6.68122986e+002 6.75166199e+002 6.92307678e+002
    7.25867126e+002 7.14235291e+002 2.68841286e+001 1.99785065e+002
    5.51747398e+001 2.53526169e+002 8.89529266e+001 3.04342407e+002
    1.25834473e+002 3.52270081e+002 1.67216949e+002 3.97936157e+002
    2.10879547e+002 4.41136841e+002 2.56474121e+002 4.82341064e+002
    3.04278442e+002 5.21509094e+002 3.53381714e+002 5.58428650e+002
    4.03724945e+002 5.93237671e+002 4.54749939e+002 6.26104492e+002
    5.06215607e+002 6.56608826e+002 5.58259949e+002 6.84736328e+002
    6.10196533e+002 7.10815308e+002 6.62713318e+002 7.34444153e+002
    7.15407043e+002 7.55657471e+002 1.91918297e+001 2.92551514e+002
    5.41247444e+001 3.44983093e+002 9.28691559e+001 3.93956573e+002
    1.35630341e+002 4.40729034e+002 1.80976715e+002 4.84957855e+002
    2.28772934e+002 5.26747559e+002 2.78416138e+002 5.66391357e+002
    3.29646790e+002 6.03641785e+002 3.82071838e+002 6.38651550e+002
    4.35183044e+002 6.71344910e+002 4.88812286e+002 7.01707520e+002
    5.42893799e+002 7.29562134e+002 5.96961914e+002 7.55034851e+002
    6.51544922e+002 7.78083191e+002 7.05682800e+002 7.98558716e+002
    1.87375774e+001 3.87151978e+002 5.98178978e+001 4.37894562e+002
    1.04251892e+002 4.85779663e+002 1.51735519e+002 5.30824341e+002
    2.01604858e+002 5.73348755e+002 2.53421494e+002 6.13540405e+002
    3.06654907e+002 6.50896912e+002 3.61299347e+002 6.85980408e+002
    4.16703552e+002 7.18552063e+002 4.72550537e+002 7.48444092e+002
    5.28672729e+002 7.75901367e+002 5.84997986e+002 8.00729309e+002
    6.41483887e+002 8.22939941e+002 6.97782898e+002 8.42458984e+002
    2.74869900e+001 4.84229492e+002 7.38554459e+001 5.33617554e+002
    1.24198044e+002 5.79254639e+002 1.75536163e+002 6.22180664e+002
    2.29981033e+002 6.62616943e+002 2.85171906e+002 7.00369446e+002
    3.41952362e+002 7.35333069e+002 3.99570557e+002 7.67561584e+002
    4.57545044e+002 7.97192200e+002 5.15987793e+002 8.23909729e+002
    5.74522522e+002 8.47735535e+002 6.32668945e+002 8.68895691e+002
    6.92014587e+002 8.87808105e+002 4.49142380e+001 5.83460754e+002
    9.66493073e+001 6.29986938e+002 1.50784546e+002 6.73476624e+002
    2.07264923e+002 7.14180847e+002 2.64992493e+002 7.51786011e+002
    3.24123688e+002 7.86702881e+002 3.84116943e+002 8.18227478e+002
    4.44564484e+002 8.47450317e+002 5.05144623e+002 8.73442749e+002
    5.65993835e+002 8.96532776e+002 6.27097168e+002 9.16957458e+002
    6.88368042e+002 9.34388550e+002 1.77992134e+001 6.35652344e+002
    7.12537155e+001 6.83120728e+002 1.28702560e+002 7.26853455e+002
    1.86393860e+002 7.67997070e+002 2.46798706e+002 8.05339722e+002
    3.08763062e+002 8.39502441e+002 3.70929474e+002 8.71216431e+002
    4.33618683e+002 8.99465698e+002 4.96846222e+002 9.24546204e+002
    5.60057495e+002 9.46460510e+002 6.23276001e+002 9.64743469e+002
    6.87792053e+002 9.81384277e+002 4.92554092e+001 7.38667175e+002
    1.07623360e+002 7.82927795e+002 1.68731705e+002 8.24232971e+002
    2.31453110e+002 8.61090576e+002 2.95804138e+002 8.94950867e+002
    3.60584869e+002 9.25678772e+002 4.25907104e+002 9.52861755e+002
    4.91459442e+002 9.76648315e+002 5.57153076e+002 9.97189392e+002
    3.04273605e+001 7.97291504e+002 9.13770828e+001 8.41627075e+002
    1.54300201e+002 8.82646545e+002 2.20323532e+002 9.18922241e+002
    2.86160339e+002 9.52617249e+002 3.53821442e+002 9.82209167e+002
    4.22040222e+002 1.00821039e+003</data></cam_pts>
<!-- blobs in projector coordinate system -->
