<?xml version="1.0"?>
<opencv_storage>
<!-- random blobs in camera coordinate system -->
<cam_pts type_id="opencv-matrix">
  <rows>79</rows>
  <cols>2</cols>
  <dt>f</dt>
  <data>
    7.86599304e+002 1.85253036e+002 7.50728943e+002 2.44710678e+002
    7.22357666e+002 3.06633636e+002 6.97821289e+002 3.70723877e+002
    6.76665222e+002 4.35775421e+002 6.57918884e+002 5.00993774e+002
    6.43697998e+002 5.66692749e+002 6.31886902e+002 6.31680847e+002
    6.23458801e+002 6.96039490e+002 6.19014221e+002 7.59534485e+002
    7.42619141e+002 1.66816223e+002 7.06170776e+002 2.28552979e+002
    6.77116943e+002 2.92309753e+002 6.52224426e+002 3.58496094e+002
    6.30918091e+002 4.25713684e+002 6.12609863e+002 4.93107391e+002
    5.86661926e+002 6.27459229e+002 5.78701721e+002 6.93511230e+002
    5.74953796e+002 7.58556824e+002 6.98678955e+002 1.48676346e+002
    6.61006104e+002 2.12250885e+002 6.31034729e+002 2.78235657e+002
    6.05420532e+002 3.46418427e+002 5.83928955e+002 4.15858704e+002
    5.65924255e+002 4.85499878e+002 5.51391968e+002 5.54842529e+002
    5.40413696e+002 6.23672058e+002 5.33229797e+002 6.91705750e+002
    5.30580933e+002 7.58392334e+002 6.15124207e+002 1.96115204e+002
    5.83735901e+002 2.64390228e+002 5.57477905e+002 3.34663330e+002
    5.35685059e+002 4.06214386e+002 5.17798950e+002 4.78090332e+002
    4.93243225e+002 6.20475891e+002 4.87287903e+002 6.90506470e+002
    4.85705475e+002 7.59271484e+002 6.09585266e+002 1.13030128e+002
    5.68333679e+002 1.80357101e+002 5.35638428e+002 2.51243134e+002
    5.08679504e+002 3.23294312e+002 4.86582336e+002 3.97003113e+002
    4.68777679e+002 4.71166779e+002 4.55066376e+002 5.45006348e+002
    4.45690216e+002 6.18029724e+002 4.40969421e+002 6.89678223e+002
    4.40497559e+002 7.61279114e+002 5.21122253e+002 1.64917969e+002
    4.86797180e+002 2.37903824e+002 4.59245056e+002 3.12705048e+002
    4.36664886e+002 3.88459167e+002 4.19002289e+002 4.64952026e+002
    4.06034210e+002 5.41086426e+002 3.97915771e+002 6.16128540e+002
    3.94132263e+002 6.90451233e+002 3.95750732e+002 7.64651855e+002
    4.74060669e+002 1.50214249e+002 4.37631653e+002 2.25085449e+002
    4.09167297e+002 3.02503845e+002 3.86563354e+002 3.80861359e+002
    3.69144409e+002 4.59513763e+002 3.56868561e+002 5.37941040e+002
    3.49393372e+002 6.15510925e+002 3.47235077e+002 6.92865479e+002
    3.51653076e+002 7.69720520e+002 3.88658875e+002 2.13612823e+002
    3.58565247e+002 2.92911682e+002 3.35369446e+002 3.73876556e+002
    3.18334991e+002 4.55138916e+002 3.06848480e+002 5.36210815e+002
    3.00925903e+002 6.16639160e+002 3.01314362e+002 6.96699585e+002
    3.09364410e+002 7.77632141e+002 3.09148987e+002 2.85218750e+002
    2.85203613e+002 3.68376984e+002 2.68228058e+002 4.52437531e+002
    2.57830902e+002 5.36173706e+002 2.54097488e+002 6.20118530e+002
    2.57811005e+002 7.03990784e+002</data></cam_pts>
<!-- blobs in projector coordinate system -->
<proj_pts type_id="opencv-matrix">
  <rows>79</rows>
  <cols>2</cols>
  <dt>f</dt>
  <data>
    2.95153839e+002 7.26363602e+001 3.93538452e+002 7.26363602e+001
    4.91923065e+002 7.26363602e+001 5.90307678e+002 7.26363602e+001
    6.88692261e+002 7.26363602e+001 7.87076904e+002 7.26363602e+001
    8.85461548e+002 7.26363602e+001 9.83846130e+002 7.26363602e+001
    1.08223071e+003 7.26363602e+001 1.18061536e+003 7.26363602e+001
    2.95153839e+002 1.45272720e+002 3.93538452e+002 1.45272720e+002
    4.91923065e+002 1.45272720e+002 5.90307678e+002 1.45272720e+002
    6.88692261e+002 1.45272720e+002 7.87076904e+002 1.45272720e+002
    9.83846130e+002 1.45272720e+002 1.08223071e+003 1.45272720e+002
    1.18061536e+003 1.45272720e+002 2.95153839e+002 2.17909088e+002
    3.93538452e+002 2.17909088e+002 4.91923065e+002 2.17909088e+002
    5.90307678e+002 2.17909088e+002 6.88692261e+002 2.17909088e+002
    7.87076904e+002 2.17909088e+002 8.85461548e+002 2.17909088e+002
    9.83846130e+002 2.17909088e+002 1.08223071e+003 2.17909088e+002
    1.18061536e+003 2.17909088e+002 3.93538452e+002 2.90545441e+002
    4.91923065e+002 2.90545441e+002 5.90307678e+002 2.90545441e+002
    6.88692261e+002 2.90545441e+002 7.87076904e+002 2.90545441e+002
    9.83846130e+002 2.90545441e+002 1.08223071e+003 2.90545441e+002
    1.18061536e+003 2.90545441e+002 2.95153839e+002 3.63181793e+002
    3.93538452e+002 3.63181793e+002 4.91923065e+002 3.63181793e+002
    5.90307678e+002 3.63181793e+002 6.88692261e+002 3.63181793e+002
    7.87076904e+002 3.63181793e+002 8.85461548e+002 3.63181793e+002
    9.83846130e+002 3.63181793e+002 1.08223071e+003 3.63181793e+002
    1.18061536e+003 3.63181793e+002 3.93538452e+002 4.35818176e+002
    4.91923065e+002 4.35818176e+002 5.90307678e+002 4.35818176e+002
    6.88692261e+002 4.35818176e+002 7.87076904e+002 4.35818176e+002
    8.85461548e+002 4.35818176e+002 9.83846130e+002 4.35818176e+002
    1.08223071e+003 4.35818176e+002 1.18061536e+003 4.35818176e+002
    3.93538452e+002 5.08454529e+002 4.91923065e+002 5.08454529e+002
    5.90307678e+002 5.08454529e+002 6.88692261e+002 5.08454529e+002
    7.87076904e+002 5.08454529e+002 8.85461548e+002 5.08454529e+002
    9.83846130e+002 5.08454529e+002 1.08223071e+003 5.08454529e+002
    1.18061536e+003 5.08454529e+002 4.91923065e+002 5.81090881e+002
    5.90307678e+002 5.81090881e+002 6.88692261e+002 5.81090881e+002
    7.87076904e+002 5.81090881e+002 8.85461548e+002 5.81090881e+002
    9.83846130e+002 5.81090881e+002 1.08223071e+003 5.81090881e+002
    1.18061536e+003 5.81090881e+002 5.90307678e+002 6.53727234e+002
    6.88692261e+002 6.53727234e+002 7.87076904e+002 6.53727234e+002
    8.85461548e+002 6.53727234e+002 9.83846130e+002 6.53727234e+002
    1.08223071e+003 6.53727234e+002</data></proj_pts>
</opencv_storage>
