<?xml version="1.0"?>
<opencv_storage>
<!-- random blobs in camera coordinate system -->
<cam_pts type_id="opencv-matrix">
  <rows>179</rows>
  <cols>2</cols>
  <dt>f</dt>
  <data>
    5.96887573e+002 8.78461243e+002 5.51695374e+002 8.83394714e+002
    5.05612396e+002 8.88117920e+002 4.59274384e+002 8.93115601e+002
    4.12583740e+002 8.97295776e+002 3.65293091e+002 9.01335205e+002
    3.18107391e+002 9.05077454e+002 2.71411987e+002 9.08265198e+002
    2.24649933e+002 9.11333679e+002 1.78538361e+002 9.14238770e+002
    1.33777008e+002 9.16584167e+002 5.93721252e+002 8.43745361e+002
    5.47517517e+002 8.48111267e+002 5.00449463e+002 8.52116394e+002
    4.53016541e+002 8.55743042e+002 4.05188202e+002 8.59191956e+002
    3.57097412e+002 8.62204895e+002 3.08388794e+002 8.64793518e+002
    2.60056671e+002 8.66885193e+002 2.12313843e+002 8.68617188e+002
    1.65331833e+002 8.70334961e+002 1.19400169e+002 8.71764404e+002
    5.91705078e+002 8.08003906e+002 5.44930054e+002 8.11517761e+002
    4.96845825e+002 8.14552673e+002 4.48461212e+002 8.17283325e+002
    3.99561462e+002 8.19613342e+002 3.50520111e+002 8.21672913e+002
    3.00665710e+002 8.23086670e+002 2.51389801e+002 8.24250122e+002
    2.02473282e+002 8.24883301e+002 1.54084381e+002 8.25162048e+002
    1.06627335e+002 8.24755615e+002 6.09380531e+001 8.24444763e+002
    5.91057007e+002 7.71228027e+002 5.43613403e+002 7.73670898e+002
    4.94911346e+002 7.75749390e+002 4.45476074e+002 7.77387817e+002
    3.95744354e+002 7.78664307e+002 3.45646027e+002 7.79597107e+002
    2.95006958e+002 7.79980408e+002 2.44308762e+002 7.79758423e+002
    1.94315659e+002 7.79061157e+002 1.44589859e+002 7.78158691e+002
    9.59737091e+001 7.76237305e+002 4.87125778e+001 7.74383240e+002
    5.91728149e+002 7.33196716e+002 5.43713013e+002 7.34540161e+002
    4.94387878e+002 7.35518616e+002 4.44155243e+002 7.36099731e+002
    3.93473297e+002 7.36249756e+002 3.42465363e+002 7.35976135e+002
    2.90881012e+002 7.35077515e+002 2.39445709e+002 7.33742126e+002
    1.88232239e+002 7.31609802e+002 1.37346344e+002 7.29296997e+002
    8.80013885e+001 7.26000244e+002 3.96668205e+001 7.22812439e+002
    5.93922668e+002 6.93961243e+002 5.45306641e+002 6.94220703e+002
    4.95398193e+002 6.94036499e+002 4.44575500e+002 6.93369019e+002
    3.93045349e+002 6.92400635e+002 3.41174347e+002 6.90753418e+002
    2.88708405e+002 6.88637268e+002 2.36520691e+002 6.86152283e+002
    1.84477341e+002 6.82812500e+002 1.32708939e+002 6.78952209e+002
    8.22758408e+001 6.74268250e+002 3.26114120e+001 6.69155396e+002
    5.97740601e+002 6.53634033e+002 5.48443237e+002 6.52682373e+002
    4.98023499e+002 6.51253357e+002 4.46698822e+002 6.49377441e+002
    3.94555328e+002 6.47072205e+002 3.41728790e+002 6.44212219e+002
    2.88548035e+002 6.40777466e+002 2.35469330e+002 6.36733459e+002
    1.82657974e+002 6.32161560e+002 1.30092880e+002 6.26598328e+002
    7.88209381e+001 6.20597107e+002 2.87985420e+001 6.13617371e+002
    6.03145386e+002 6.12331177e+002 5.53319275e+002 6.10073120e+002
    5.02415863e+002 6.07432190e+002 4.50587830e+002 6.04195007e+002
    3.97919342e+002 6.00594604e+002 3.44462677e+002 5.96345825e+002
    2.90549408e+002 5.91440125e+002 2.36663345e+002 5.86013489e+002
    1.83350876e+002 5.79824036e+002 1.30211136e+002 5.73013672e+002
    7.83741837e+001 5.65301025e+002 2.75647812e+001 5.56610901e+002
    6.09995728e+002 5.70070679e+002 5.59970764e+002 5.66469910e+002
    5.08573120e+002 5.62363831e+002 4.56180298e+002 5.57908203e+002
    4.03125397e+002 5.52764771e+002 3.49330688e+002 5.47179260e+002
    2.94959503e+002 5.40980225e+002 2.40381485e+002 5.33890503e+002
    1.86488739e+002 5.26245789e+002 1.32793625e+002 5.17860901e+002
    8.03416443e+001 5.08390961e+002 2.92680702e+001 4.98403137e+002
    6.18682739e+002 5.26926514e+002 5.68242676e+002 5.21962952e+002
    5.16616089e+002 5.16465698e+002 4.63888458e+002 5.10447205e+002
    4.10437988e+002 5.04029572e+002 3.56337677e+002 4.96792236e+002
    3.01547943e+002 4.88992920e+002 2.46835434e+002 4.80522736e+002
    1.92218597e+002 4.71103638e+002 1.38179596e+002 4.61171875e+002
    8.56432037e+001 4.50424957e+002 3.41050072e+001 4.38009918e+002
    6.29077393e+002 4.83134521e+002 5.78512573e+002 4.76694458e+002
    5.26586975e+002 4.69682617e+002 4.73680420e+002 4.62135895e+002
    4.19897736e+002 4.54092072e+002 3.65571167e+002 4.45336792e+002
    3.10506744e+002 4.35867371e+002 2.55403397e+002 4.25808533e+002
    2.00848618e+002 4.14983093e+002 1.46873108e+002 4.03245697e+002
    9.39615402e+001 3.90961975e+002 4.29543533e+001 3.77552490e+002
    6.41498047e+002 4.38735809e+002 5.90658020e+002 4.30823242e+002
    5.38441101e+002 4.22358246e+002 4.85475067e+002 4.13179657e+002
    4.31701447e+002 4.03518433e+002 3.77211060e+002 3.93253632e+002
    3.21970581e+002 3.82088165e+002 2.66911285e+002 3.70406616e+002
    2.12353439e+002 3.57995117e+002 1.58598282e+002 3.44753296e+002
    1.05936302e+002 3.30543762e+002 5.52577133e+001 3.15138672e+002
    6.55549316e+002 3.94027191e+002 6.04993713e+002 3.84505890e+002
    5.52753662e+002 3.74500275e+002 4.99637787e+002 3.63817749e+002
    4.45806641e+002 3.52440155e+002 3.91467133e+002 3.40592682e+002
    3.36384460e+002 3.27827026e+002 2.81351563e+002 3.14260803e+002
    2.27072449e+002 3.00353546e+002 1.73531357e+002 2.84910980e+002
    1.21210693e+002 2.69288757e+002 7.08919220e+001 2.51624527e+002
    2.36584854e+001 2.33217178e+002 6.71630554e+002 3.49155914e+002
    6.21161865e+002 3.38170929e+002 5.69472778e+002 3.26299530e+002
    5.16372070e+002 3.14111328e+002 4.62437897e+002 3.01136017e+002
    4.08306488e+002 2.87390503e+002 3.53673706e+002 2.72928772e+002
    2.99004242e+002 2.57892242e+002 2.45122437e+002 2.41970444e+002
    1.92011978e+002 2.25166138e+002 1.40553253e+002 2.07157440e+002
    9.09551086e+001 1.88785828e+002 6.90062683e+002 3.03990417e+002
    6.39633850e+002 2.91464905e+002 5.88090454e+002 2.78097931e+002
    5.35431274e+002 2.64286407e+002 4.82167786e+002 2.49494598e+002
    4.28339966e+002 2.34162262e+002 3.73977173e+002 2.18185654e+002
    3.19854401e+002 2.01260223e+002 2.66977814e+002 1.83764389e+002
    2.14465927e+002 1.65044693e+002 1.63552277e+002 1.46186050e+002
    1.15827095e+002 1.24293121e+002</data></cam_pts>
<!-- blobs in projector coordinate system -->
