<?xml version="1.0"?>
<opencv_storage>
<!-- random blobs in camera coordinate system -->
<cam_pts type_id="opencv-matrix">
  <rows>185</rows>
  <cols>2</cols>
  <dt>f</dt>
  <data>
    5.73531799e+002 1.16089226e+002 6.18463501e+002 1.02907791e+002
    6.64372253e+002 8.97232590e+001 7.10695618e+002 7.67558136e+001
    7.57006409e+002 6.41103516e+001 8.03598083e+002 5.17099495e+001
    8.50098145e+002 3.94771690e+001 8.96505554e+002 2.76235905e+001
    9.41972290e+002 1.63196182e+001 5.84359924e+002 1.48935440e+002
    6.30384766e+002 1.36500183e+002 6.77009705e+002 1.24281052e+002
    7.24547363e+002 1.12143211e+002 7.72307983e+002 1.00343620e+002
    8.20087158e+002 8.88511353e+001 8.67969177e+002 7.76041260e+001
    9.15926147e+002 6.66853867e+001 9.63063477e+002 5.62695427e+001
    1.00949878e+003 4.61066933e+001 1.05471143e+003 3.61972580e+001
    5.93621155e+002 1.83357101e+002 6.40318909e+002 1.71851761e+002
    6.87992798e+002 1.60426865e+002 7.36735352e+002 1.49295685e+002
    7.85581299e+002 1.38353760e+002 8.34840088e+002 1.27932762e+002
    8.84229248e+002 1.17604774e+002 9.33446106e+002 1.07895439e+002
    9.82049194e+002 9.82305069e+001 1.03026294e+003 8.94103012e+001
    1.07732935e+003 8.10392990e+001 1.12265430e+003 7.26133194e+001
    6.01219177e+002 2.19298096e+002 6.48981079e+002 2.08684555e+002
    6.97867432e+002 1.98245514e+002 7.47423889e+002 1.88143845e+002
    7.97576599e+002 1.78171906e+002 8.47901550e+002 1.68636276e+002
    8.98563110e+002 1.59446182e+002 9.49230225e+002 1.50712006e+002
    9.99220947e+002 1.42624435e+002 1.04894373e+003 1.34721741e+002
    1.09738049e+003 1.27666550e+002 1.14431348e+003 1.20945221e+002
    6.07575012e+002 2.56675354e+002 6.56311157e+002 2.47057480e+002
    7.06026672e+002 2.37743484e+002 7.56544495e+002 2.28672760e+002
    8.07708740e+002 2.19909210e+002 8.59317749e+002 2.11463287e+002
    9.11252686e+002 2.03414581e+002 9.63039917e+002 1.95836899e+002
    1.01460730e+003 1.88895584e+002 1.06546155e+003 1.82333344e+002
    1.11510144e+003 1.76615036e+002 1.16369324e+003 1.71221725e+002
    1.21011731e+003 1.66448792e+002 6.12330017e+002 2.95532990e+002
    6.61968201e+002 2.87138153e+002 7.12525940e+002 2.78875214e+002
    7.63990417e+002 2.70918182e+002 8.16268738e+002 2.63278442e+002
    8.68850342e+002 2.55993210e+002 9.21972412e+002 2.49267990e+002
    9.75134888e+002 2.43070404e+002 1.02756409e+003 2.37317856e+002
    1.07963318e+003 2.32296692e+002 1.13059619e+003 2.27985397e+002
    1.18068811e+003 2.24096436e+002 1.22852698e+003 2.20965302e+002
    6.15477844e+002 3.35855591e+002 6.66066711e+002 3.28485779e+002
    7.17417297e+002 3.21545105e+002 7.69683472e+002 3.14782928e+002
    8.22853333e+002 3.08390656e+002 8.76531982e+002 3.02460754e+002
    9.30784485e+002 2.96948029e+002 9.84905884e+002 2.92083954e+002
    1.03841663e+003 2.87848938e+002 1.09183484e+003 2.84195740e+002
    1.14405615e+003 2.81113037e+002 1.19469934e+003 2.79251373e+002
    1.24366882e+003 2.77874939e+002 6.16906067e+002 3.77381409e+002
    6.68307617e+002 3.71372528e+002 7.20596436e+002 3.65555573e+002
    7.73691711e+002 3.60168518e+002 8.27488525e+002 3.55187256e+002
    8.82134033e+002 3.50606445e+002 9.37252991e+002 3.46504303e+002
    9.92317871e+002 3.43144287e+002 1.04711462e+003 3.40226685e+002
    1.10128064e+003 3.38085907e+002 1.15406897e+003 3.36840881e+002
    1.20557532e+003 3.36707001e+002 1.25531018e+003 3.36641266e+002
    6.16842224e+002 4.20109924e+002 6.68570313e+002 4.15511292e+002
    7.21781738e+002 4.11114960e+002 7.75683594e+002 4.07247162e+002
    8.30295532e+002 4.03488739e+002 8.85502502e+002 4.00459167e+002
    9.41521790e+002 3.97854614e+002 9.97455322e+002 3.95939392e+002
    1.05304639e+003 3.94697083e+002 1.10795752e+003 3.94263489e+002
    1.16155994e+003 3.94409241e+002 1.21361096e+003 3.95992950e+002
    1.26441821e+003 3.98263550e+002 6.14965210e+002 4.63999451e+002
    6.67264465e+002 4.60866852e+002 7.20856506e+002 4.58042725e+002
    7.75529053e+002 4.55516968e+002 8.30886414e+002 4.53222382e+002
    8.86906311e+002 4.51827240e+002 9.43342163e+002 4.50887726e+002
    9.99832642e+002 4.50432068e+002 1.05602490e+003 4.50977844e+002
    1.11173755e+003 4.52019867e+002 1.16587964e+003 4.54306580e+002
    1.21886841e+003 4.57410828e+002 6.10761902e+002 5.08980652e+002
    6.63788574e+002 5.07356476e+002 7.18163757e+002 5.05507172e+002
    7.72953247e+002 5.05089722e+002 8.28964783e+002 5.04741119e+002
    8.85471191e+002 5.04967438e+002 9.42636597e+002 5.05385834e+002
    9.99632019e+002 5.06791504e+002 1.05615344e+003 5.08892273e+002
    1.11200537e+003 5.12016357e+002 1.16660852e+003 5.15871521e+002
    1.21976001e+003 5.21068115e+002 6.04475586e+002 5.54810608e+002
    6.57999023e+002 5.54708984e+002 7.12641235e+002 5.55039551e+002
    7.68275757e+002 5.55695129e+002 8.24528748e+002 5.56929993e+002
    8.81522766e+002 5.59061096e+002 9.39052307e+002 5.61210571e+002
    9.96314087e+002 5.64285217e+002 1.05319580e+003 5.68240173e+002
    1.10918616e+003 5.72822510e+002 1.16367871e+003 5.78856628e+002
    1.21642419e+003 5.86046692e+002 1.26735950e+003 5.94709473e+002
    5.96218750e+002 6.01135498e+002 6.49938110e+002 6.02659241e+002
    7.04911011e+002 6.04751465e+002 7.60985840e+002 6.07197388e+002
    8.17602783e+002 6.10129150e+002 8.74654724e+002 6.13743652e+002
    9.32611267e+002 6.18115601e+002 9.90087036e+002 6.22801453e+002
    1.04666431e+003 6.28775513e+002 1.10263696e+003 6.35470703e+002
    1.15712622e+003 6.43305908e+002 1.20945032e+003 6.52024048e+002
    1.25948474e+003 6.62913879e+002 5.85770874e+002 6.47915710e+002
    6.39506653e+002 6.51192749e+002 6.94623108e+002 6.54899658e+002
    7.50695251e+002 6.59329407e+002 8.07593445e+002 6.63981995e+002
    8.64616821e+002 6.69629700e+002 9.22386414e+002 6.75508362e+002
    9.79864746e+002 6.82288513e+002 1.03647424e+003 6.90036194e+002
    1.09227649e+003 6.98632263e+002 1.14636694e+003 7.07931580e+002
    1.19786523e+003 7.19893555e+002 1.24640967e+003 7.32872803e+002
    5.72452148e+002 6.94999329e+002 6.26260254e+002 7.00161926e+002
    6.81602051e+002 7.05638489e+002 7.37471985e+002 7.11753601e+002
    7.94232117e+002 7.18345093e+002 8.51361694e+002 7.25656311e+002
    9.08919434e+002 7.33572998e+002 9.65818909e+002 7.42066345e+002
    1.02173346e+003 7.51918762e+002 1.07733618e+003 7.62110840e+002
    1.13007617e+003 7.74595764e+002 1.18048938e+003 7.87677368e+002
    1.22769043e+003 8.03889099e+002</data></cam_pts>
<!-- blobs in projector coordinate system -->
