<?xml version="1.0"?>
<opencv_storage>
<!-- random blobs in camera coordinate system -->
<cam_pts type_id="opencv-matrix">
  <rows>142</rows>
  <cols>2</cols>
  <dt>f</dt>
  <data>
    9.67386169e+002 3.27566528e+002 9.18989624e+002 3.15876953e+002
    8.69151062e+002 3.06577545e+002 8.18295044e+002 2.99579803e+002
    7.66602844e+002 2.95060242e+002 7.14207520e+002 2.92929749e+002
    6.61105774e+002 2.93173096e+002 6.07762634e+002 2.95884308e+002
    5.54479553e+002 3.01292725e+002 5.01097656e+002 3.09133087e+002
    4.48197937e+002 3.19571075e+002 3.95588165e+002 3.33250000e+002
    3.43872650e+002 3.49613617e+002 2.93126587e+002 3.68890869e+002
    2.43542953e+002 3.91745911e+002 1.95576355e+002 4.17929932e+002
    1.48645920e+002 4.48076599e+002 1.03541435e+002 4.82558136e+002
    9.79068176e+002 2.93553070e+002 9.29075867e+002 2.80824554e+002
    8.77703552e+002 2.70586761e+002 8.25087341e+002 2.63027039e+002
    7.71619690e+002 2.57892212e+002 7.17395081e+002 2.55325500e+002
    6.62339722e+002 2.55244461e+002 6.07059448e+002 2.57828094e+002
    5.51751587e+002 2.63216064e+002 4.96351807e+002 2.71477112e+002
    4.41511810e+002 2.82377380e+002 3.87156952e+002 2.96636810e+002
    3.33285461e+002 3.13711945e+002 2.80810455e+002 3.34104980e+002
    2.29509766e+002 3.58241211e+002 1.79719498e+002 3.85864136e+002
    1.31194229e+002 4.18295502e+002 8.45880051e+001 4.55252502e+002
    9.91689575e+002 2.58887543e+002 9.39971619e+002 2.44952957e+002
    8.86786011e+002 2.33696823e+002 8.32438477e+002 2.25176544e+002
    7.76991638e+002 2.19381409e+002 7.20785217e+002 2.16360413e+002
    6.63794739e+002 2.16074493e+002 6.06337463e+002 2.18531143e+002
    5.48953186e+002 2.24037186e+002 4.91371002e+002 2.32506927e+002
    4.34448547e+002 2.44085129e+002 3.77970123e+002 2.58688110e+002
    3.22265533e+002 2.76762238e+002 2.67633057e+002 2.98217194e+002
    2.14617447e+002 3.23674438e+002 1.62717728e+002 3.53401611e+002
    1.12513893e+002 3.87911926e+002 6.45088654e+001 4.28017639e+002
    1.00488873e+003 2.23843811e+002 9.51463562e+002 2.08220108e+002
    8.96618713e+002 1.95667694e+002 8.40167603e+002 1.86215775e+002
    7.82708008e+002 1.79626038e+002 7.24462585e+002 1.76162491e+002
    6.65193970e+002 1.75666885e+002 6.05702698e+002 1.77924210e+002
    5.45983093e+002 1.83451431e+002 4.86232880e+002 1.92219299e+002
    4.27076050e+002 2.04203430e+002 3.68350800e+002 2.19569992e+002
    3.10519165e+002 2.38732147e+002 2.54110138e+002 2.61610077e+002
    1.98936096e+002 2.88631592e+002 1.45065857e+002 3.20649689e+002
    9.31139069e+001 3.58019531e+002 4.28218803e+001 4.01684509e+002
    1.01921283e+003 1.87597824e+002 9.63727539e+002 1.70810745e+002
    9.06948853e+002 1.57139893e+002 8.48512268e+002 1.46293045e+002
    7.89086487e+002 1.38802902e+002 7.28312927e+002 1.34652878e+002
    6.67074402e+002 1.33716980e+002 6.04947510e+002 1.36028687e+002
    5.42927612e+002 1.41718262e+002 4.80774750e+002 1.50748718e+002
    4.19295868e+002 1.63360687e+002 3.58331177e+002 1.79665558e+002
    2.98300293e+002 1.99759857e+002 2.39389221e+002 2.24522141e+002
    1.82296722e+002 2.52803680e+002 1.26422005e+002 2.87527405e+002
    7.17264862e+001 3.28561371e+002 2.02774086e+001 3.77084442e+002
    1.03424451e+003 1.51220444e+002 9.77166077e+002 1.32477219e+002
    9.18131775e+002 1.17177200e+002 8.57695068e+002 1.05306068e+002
    7.95739624e+002 9.70290146e+001 7.32815674e+002 9.20377350e+001
    6.68820496e+002 9.07586060e+001 6.04353271e+002 9.27907639e+001
    5.39724731e+002 9.83600388e+001 4.75152130e+002 1.07911957e+002
    4.11175629e+002 1.21257988e+002 3.47574371e+002 1.38344147e+002
    2.85182434e+002 1.59857529e+002 2.24025162e+002 1.86514969e+002
    1.64084259e+002 2.17954254e+002 1.06495491e+002 2.54660599e+002
    4.94585953e+001 3.00134369e+002 1.05009436e+003 1.14587532e+002
    9.91423157e+002 9.38831024e+001 9.30133423e+002 7.68359909e+001
    8.67164673e+002 6.36319122e+001 8.03131775e+002 5.39720764e+001
    7.37601074e+002 4.81849594e+001 6.70987732e+002 4.63129997e+001
    6.03917847e+002 4.84612999e+001 5.36624146e+002 5.42687759e+001
    4.69035736e+002 6.39545975e+001 4.02372650e+002 7.84254303e+001
    3.36360138e+002 9.66216583e+001 2.70879669e+002 1.19813637e+002
    2.07308914e+002 1.47811386e+002 1.44987411e+002 1.81882263e+002
    8.38989639e+001 2.22877441e+002 2.51747990e+001 2.72551849e+002
    1.06850671e+003 7.86379013e+001 1.00654834e+003 5.49557610e+001
    9.43172058e+002 3.59732056e+001 8.77882629e+002 2.11181374e+001
    8.10963318e+002 1.03258820e+001 5.33545715e+002 9.01898956e+000
    4.62676575e+002 1.91516285e+001 3.93176483e+002 3.45693741e+001
    3.23934998e+002 5.39262009e+001 2.55752533e+002 7.92083511e+001
    1.24280045e+002 1.47039200e+002 6.01926537e+001 1.92610123e+002
    1.08833008e+003 4.22396698e+001 1.02370685e+003 1.59291620e+001
    3.10600616e+002 1.16145153e+001 2.38933380e+002 3.91338272e+001
    1.69264694e+002 7.18373642e+001 1.00771835e+002 1.14097260e+002</data></cam_pts>
<!-- blobs in projector coordinate system -->
