<?xml version="1.0"?>
<opencv_storage>
<!-- random blobs in camera coordinate system -->
<cam_pts type_id="opencv-matrix">
  <rows>156</rows>
  <cols>2</cols>
  <dt>f</dt>
  <data>
    1.84756287e+002 6.25795654e+002 2.33162796e+002 6.43372559e+002
    2.82568146e+002 6.57573181e+002 3.33313782e+002 6.69258423e+002
    3.84757477e+002 6.78432312e+002 4.36874969e+002 6.84953918e+002
    4.89749664e+002 6.89118347e+002 5.42902039e+002 6.90811584e+002
    5.96226318e+002 6.90953979e+002 6.49583984e+002 6.88228943e+002
    7.02606873e+002 6.83018311e+002 7.55234741e+002 6.75747681e+002
    8.07209045e+002 6.65973145e+002 8.58418945e+002 6.54011719e+002
    9.08580566e+002 6.39968933e+002 9.57356201e+002 6.22954285e+002
    1.00481714e+003 6.03407837e+002 1.05103931e+003 5.81407410e+002
    1.71231354e+002 6.57768555e+002 2.21449310e+002 6.76531921e+002
    2.72882996e+002 6.92087952e+002 3.25159424e+002 7.04823120e+002
    3.78275452e+002 7.14818481e+002 4.32453918e+002 7.21777771e+002
    4.87139984e+002 7.26289795e+002 5.42223083e+002 7.28406555e+002
    5.97402405e+002 7.28168701e+002 6.52828430e+002 7.25377625e+002
    7.07663208e+002 7.20165039e+002 7.62195068e+002 7.12327820e+002
    8.16061707e+002 7.02114746e+002 8.68904419e+002 6.89512756e+002
    9.20703552e+002 6.74434814e+002 9.71072876e+002 6.56571045e+002
    1.02034167e+003 6.35723816e+002 1.06797742e+003 6.11970276e+002
    1.57622604e+002 6.90546204e+002 2.09244232e+002 7.10851318e+002
    2.62123535e+002 7.27613037e+002 3.16393982e+002 7.41070251e+002
    3.71574829e+002 7.51864502e+002 4.27623474e+002 7.59751343e+002
    4.84325012e+002 7.64841553e+002 5.41431763e+002 7.67074890e+002
    5.98684265e+002 7.66926453e+002 6.56150452e+002 7.64023499e+002
    7.12999390e+002 7.58543030e+002 7.69500488e+002 7.50363586e+002
    8.25318787e+002 7.39437988e+002 8.80075195e+002 7.25854004e+002
    9.33647522e+002 7.09742859e+002 9.85913391e+002 6.90678772e+002
    1.03658838e+003 6.68261047e+002 1.08564502e+003 6.42784302e+002
    1.42131012e+002 7.23315735e+002 1.95941223e+002 7.45351501e+002
    2.50911942e+002 7.63604736e+002 3.07093262e+002 7.78800537e+002
    3.64215302e+002 7.90353455e+002 4.22381378e+002 7.99104980e+002
    4.81346863e+002 8.04730225e+002 5.40576172e+002 8.07254272e+002
    5.99939941e+002 8.06999146e+002 6.59529175e+002 8.04071106e+002
    7.18566101e+002 7.98229675e+002 7.77202515e+002 7.89521973e+002
    8.35043884e+002 7.77906189e+002 8.91722778e+002 7.63365479e+002
    9.47146912e+002 7.45753357e+002 1.00120593e+003 7.25629395e+002
    1.05376990e+003 7.01531250e+002 1.10418994e+003 6.74085144e+002
    1.25681030e+002 7.56050171e+002 1.81983002e+002 7.80828369e+002
    2.38881027e+002 8.00876160e+002 2.97039795e+002 8.17200439e+002
    3.56502777e+002 8.30036560e+002 4.16590912e+002 8.39545349e+002
    4.77904419e+002 8.45786560e+002 5.39538757e+002 8.48658569e+002
    6.01139832e+002 8.48428955e+002 6.63258545e+002 8.45405334e+002
    7.24487671e+002 8.39112244e+002 7.85302734e+002 8.30001892e+002
    8.45373596e+002 8.17492920e+002 9.04086853e+002 8.01858154e+002
    9.61382751e+002 7.83266541e+002 1.01707666e+003 7.61360291e+002
    1.07155493e+003 7.35407471e+002 1.12385278e+003 7.05573608e+002
    1.08180359e+002 7.89046265e+002 1.66047852e+002 8.16106323e+002
    2.25817093e+002 8.38510498e+002 2.86194092e+002 8.56352295e+002
    3.47877899e+002 8.70422363e+002 4.10498627e+002 8.80951904e+002
    4.74231384e+002 8.88003967e+002 5.38334229e+002 8.91456238e+002
    6.02427612e+002 8.91311890e+002 6.66916809e+002 8.88103271e+002
    7.30462158e+002 8.81506042e+002 7.93875305e+002 8.71681702e+002
    8.56068726e+002 8.58440613e+002 9.17287537e+002 8.41559387e+002
    9.76429749e+002 8.21339417e+002 1.03427527e+003 7.97429871e+002
    1.09083643e+003 7.69364075e+002 1.14555652e+003 7.36609192e+002
    8.90337982e+001 8.21337036e+002 1.49163651e+002 8.51739197e+002
    2.11124405e+002 8.76469604e+002 2.74193207e+002 8.96281311e+002
    3.38575226e+002 9.12092285e+002 4.03736633e+002 9.23632874e+002
    4.70151306e+002 9.31356506e+002 5.36850464e+002 9.35442566e+002
    6.03619812e+002 9.35706116e+002 6.70621155e+002 9.32017090e+002
    7.36996155e+002 9.24937500e+002 8.02666382e+002 9.14397583e+002
    8.67586609e+002 8.99932800e+002 9.30842102e+002 8.81921143e+002
    9.92712219e+002 8.60042114e+002 1.05313635e+003 8.34005371e+002
    1.11146680e+003 8.03237061e+002 1.16761377e+003 7.67764893e+002
    1.30203094e+002 8.86773254e+002 1.95211319e+002 9.14399231e+002
    2.60991364e+002 9.36435059e+002 3.28064240e+002 9.53655090e+002
    3.96311829e+002 9.66907837e+002 4.65393097e+002 9.75653564e+002
    5.35119263e+002 9.80224182e+002 6.04645630e+002 9.80677917e+002
    6.74470215e+002 9.77019165e+002 7.43811951e+002 9.69717468e+002
    8.12098755e+002 9.58115479e+002 8.79847107e+002 9.42930176e+002
    9.45712402e+002 9.22902161e+002 1.01002118e+003 8.99030273e+002
    1.07246619e+003 8.70153687e+002 1.13364160e+003 8.36292542e+002
    1.19173584e+003 7.96983276e+002 1.77434113e+002 9.51864685e+002
    2.46247192e+002 9.77182678e+002 3.16460358e+002 9.96443909e+002
    3.87786407e+002 1.01099579e+003 8.22503052e+002 1.00276764e+003
    8.92464294e+002 9.85822632e+002 9.62041687e+002 9.63982788e+002
    1.02889050e+003 9.37926331e+002 1.09363354e+003 9.05695679e+002
    1.15708557e+003 8.68375183e+002 9.78712036e+002 1.00472510e+003
    1.04888074e+003 9.75918152e+002 1.11710547e+003 9.40234741e+002</data></cam_pts>
<!-- blobs in projector coordinate system -->
