<?xml version="1.0"?>
<opencv_storage>
<nrofframes>15</nrofframes>
<image_width>1024</image_width>
<image_height>768</image_height>
<board_width>10</board_width>
<board_height>8</board_height>
<square_size>1</square_size>
<camera_matrix type_id="opencv-matrix">
  <rows>3</rows>
  <cols>3</cols>
  <dt>d</dt>
  <data>
    9.9651214661556583e+002 0. 5.1206845785987412e+002 0.
    1.0026797688728345e+003 7.7193373897611548e+002 0. 0. 1.</data></camera_matrix>
<distortion_coefficients type_id="opencv-matrix">
  <rows>5</rows>
  <cols>1</cols>
  <dt>d</dt>
  <data>
    3.5676965432334971e-002 -4.9662445620106549e-002
    -1.4048611757904205e-003 -2.9852507090446464e-003
    9.4722142691320618e-003</data></distortion_coefficients>
<reprojection_error>5.8957684040069580e-001</reprojection_error>
<!-- a set of 6-tuples (rotation vector + translation vector) for each board -->
<extrinsic_parameters type_id="opencv-matrix">
  <rows>15</rows>
  <cols>6</cols>
  <dt>d</dt>
  <data>
    -9.0793269372579102e-002 1.7414097694269456e-001
    -1.3464486685373953e-001 -9.2105808552019948e+000
    2.9738286017078228e+000 1.8424791337261560e+001
    -9.8636908242181701e-002 -5.9633929611420715e-002
    -1.0971719313006112e-001 -9.3120383092717010e+000
    2.6134834777126130e+000 1.6115016476680605e+001
    -7.8516649629293930e-002 -2.8721444215081882e-001
    -4.3036326255352704e-002 -9.2052892702937097e+000
    2.5683933489641855e+000 1.3004517261605507e+001
    -5.9712908732449915e-002 -1.2466728145590807e-001
    -1.3558992432666738e-002 -1.0340353283303457e+001
    2.3373392169522140e+000 1.5178444701980087e+001
    1.9830345110783559e-001 -6.8516873351322283e-002
    -2.6937362586221193e-002 -1.0049222340787869e+001
    3.1494256375656833e+000 1.5774672820341301e+001
    3.1109490919377297e-001 -2.7707658434542936e-002
    -3.4836822875970765e-002 -9.5454225594902447e+000
    3.5930475623135170e+000 1.9682792867061707e+001
    2.6966089938659082e-001 1.8100590584806123e-001
    -3.3064899201067456e-002 -9.2276967230578286e+000
    3.3861750651756126e+000 2.1383814158668141e+001
    2.2078835210790235e-001 -9.5005855829476432e-002
    3.2681026620268450e-002 -1.1139240153404367e+001
    3.6868451797770212e+000 1.8708213723702478e+001
    1.3886511255680886e-001 6.0344773958298036e-002
    -5.9454197711887168e-002 -1.0583605740543653e+001
    3.0604077687698084e+000 2.1110471494416245e+001
    -8.1411613104352798e-002 1.1781042123221540e-001
    -1.9578995497078814e-002 -1.0022860208226669e+001
    2.3787678310551645e+000 1.9917856902391197e+001
    2.5815908474657576e-002 -1.1208297239296189e-001
    -4.5833190900014271e-003 -1.0176328215822602e+001
    3.4332520600831109e+000 1.6341085097419949e+001
    4.9364121036306260e-002 1.9749632382611321e-001
    -4.6165817369214671e-002 -8.2986965709045819e+000
    3.9488079884651257e+000 1.9105723735223336e+001
    1.2828272742149063e-002 -1.1979813540150473e-001
    -4.1890342075596519e-002 -9.5942556708830296e+000
    3.2268994141270078e+000 1.8132223299198376e+001
    2.1326412763486995e-002 -2.4202510475063463e-001
    2.2296205264444133e-002 -8.8104752746403943e+000
    2.1285695245788752e+000 1.7143598233903639e+001
    8.5120909257538083e-002 3.1213015448503550e-002
    -4.6483509891827200e-003 -9.2091853135244772e+000
    2.3750787759600569e+000 1.8431374376731466e+001</data></extrinsic_parameters>
</opencv_storage>
