<?xml version="1.0"?>
<opencv_storage>
<!-- random blobs in camera coordinate system -->
<cam_pts type_id="opencv-matrix">
  <rows>77</rows>
  <cols>2</cols>
  <dt>f</dt>
  <data>
    6.64205078e+002 7.61089844e+002 6.79752502e+002 6.95508606e+002
    6.92328918e+002 6.28490234e+002 7.03022766e+002 5.60270935e+002
    7.11263733e+002 4.91426819e+002 7.16542419e+002 4.22292328e+002
    7.19954529e+002 3.53129669e+002 7.20424683e+002 2.84616882e+002
    7.17065979e+002 2.17715363e+002 7.08017212e+002 1.51225281e+002
    6.90531128e+002 8.96154556e+001 7.06694763e+002 7.74278687e+002
    7.23407227e+002 7.07216553e+002 7.36978455e+002 6.38699890e+002
    7.48190552e+002 5.68888550e+002 7.56933716e+002 4.98021790e+002
    7.63005737e+002 4.26910339e+002 7.66858459e+002 3.55746338e+002
    7.67369507e+002 2.85455322e+002 7.63929871e+002 2.16549652e+002
    7.54538696e+002 1.48373489e+002 7.49748535e+002 7.88222290e+002
    7.67780762e+002 7.19998596e+002 7.82656616e+002 6.49701782e+002
    7.94600708e+002 5.78011841e+002 8.03989319e+002 5.05300690e+002
    8.10986328e+002 4.32176697e+002 8.15129028e+002 3.59078400e+002
    8.15489563e+002 2.87157379e+002 8.11736328e+002 2.15674301e+002
    8.01772522e+002 1.45880524e+002 7.92960144e+002 8.04022888e+002
    8.12803955e+002 7.33587036e+002 8.29306274e+002 6.61685669e+002
    8.42366394e+002 5.88090942e+002 8.52726013e+002 5.13471191e+002
    8.60253540e+002 4.38223114e+002 8.64412842e+002 3.63139343e+002
    8.64711975e+002 2.89169403e+002 8.60475464e+002 2.15775528e+002
    8.49111145e+002 1.44050629e+002 8.36386475e+002 8.21149780e+002
    8.58329102e+002 7.48047485e+002 8.76379517e+002 6.74604980e+002
    8.91038269e+002 5.99155029e+002 9.02279785e+002 5.22500671e+002
    9.10310181e+002 4.45235931e+002 9.14167542e+002 3.68536377e+002
    9.14771851e+002 2.91914520e+002 9.09810669e+002 2.16615524e+002
    9.04073120e+002 7.64794434e+002 9.23769592e+002 6.88570251e+002
    9.39495850e+002 6.10817871e+002 9.51812134e+002 5.32464417e+002
    9.60778687e+002 4.53454681e+002 9.65435303e+002 3.74150604e+002
    9.65460754e+002 2.95263641e+002 9.59219910e+002 2.18257141e+002
    9.20597351e+002 8.61121155e+002 9.49138916e+002 7.83532043e+002
    9.71705261e+002 7.04898621e+002 9.89250793e+002 6.24862976e+002
    1.00304254e+003 5.44155212e+002 1.01231183e+003 4.62807068e+002
    1.01715485e+003 3.81462799e+002 1.01632306e+003 3.00716400e+002
    9.56648804e+002 8.84114563e+002 9.92580994e+002 8.04788208e+002
    1.01837891e+003 7.23222534e+002 1.03845203e+003 6.40813965e+002
    1.05352234e+003 5.57803650e+002 1.06342761e+003 4.73959015e+002
    1.06810620e+003 3.90514709e+002 1.06174756e+003 7.45121704e+002
    1.08550513e+003 6.59666321e+002 1.10229309e+003 5.74091858e+002
    1.11104688e+003 4.88089752e+002</data></cam_pts>
<!-- blobs in projector coordinate system -->
<proj_pts type_id="opencv-matrix">
  <rows>77</rows>
  <cols>2</cols>
  <dt>f</dt>
  <data>
    9.83846130e+001 7.26363602e+001 1.96769226e+002 7.26363602e+001
    2.95153839e+002 7.26363602e+001 3.93538452e+002 7.26363602e+001
    4.91923065e+002 7.26363602e+001 5.90307678e+002 7.26363602e+001
    6.88692261e+002 7.26363602e+001 7.87076904e+002 7.26363602e+001
    8.85461548e+002 7.26363602e+001 9.83846130e+002 7.26363602e+001
    1.08223071e+003 7.26363602e+001 9.83846130e+001 1.45272720e+002
    1.96769226e+002 1.45272720e+002 2.95153839e+002 1.45272720e+002
    3.93538452e+002 1.45272720e+002 4.91923065e+002 1.45272720e+002
    5.90307678e+002 1.45272720e+002 6.88692261e+002 1.45272720e+002
    7.87076904e+002 1.45272720e+002 8.85461548e+002 1.45272720e+002
    9.83846130e+002 1.45272720e+002 9.83846130e+001 2.17909088e+002
    1.96769226e+002 2.17909088e+002 2.95153839e+002 2.17909088e+002
    3.93538452e+002 2.17909088e+002 4.91923065e+002 2.17909088e+002
    5.90307678e+002 2.17909088e+002 6.88692261e+002 2.17909088e+002
    7.87076904e+002 2.17909088e+002 8.85461548e+002 2.17909088e+002
    9.83846130e+002 2.17909088e+002 9.83846130e+001 2.90545441e+002
    1.96769226e+002 2.90545441e+002 2.95153839e+002 2.90545441e+002
    3.93538452e+002 2.90545441e+002 4.91923065e+002 2.90545441e+002
    5.90307678e+002 2.90545441e+002 6.88692261e+002 2.90545441e+002
    7.87076904e+002 2.90545441e+002 8.85461548e+002 2.90545441e+002
    9.83846130e+002 2.90545441e+002 9.83846130e+001 3.63181793e+002
    1.96769226e+002 3.63181793e+002 2.95153839e+002 3.63181793e+002
    3.93538452e+002 3.63181793e+002 4.91923065e+002 3.63181793e+002
    5.90307678e+002 3.63181793e+002 6.88692261e+002 3.63181793e+002
    7.87076904e+002 3.63181793e+002 8.85461548e+002 3.63181793e+002
    1.96769226e+002 4.35818176e+002 2.95153839e+002 4.35818176e+002
    3.93538452e+002 4.35818176e+002 4.91923065e+002 4.35818176e+002
    5.90307678e+002 4.35818176e+002 6.88692261e+002 4.35818176e+002
    7.87076904e+002 4.35818176e+002 8.85461548e+002 4.35818176e+002
    9.83846130e+001 5.08454529e+002 1.96769226e+002 5.08454529e+002
    2.95153839e+002 5.08454529e+002 3.93538452e+002 5.08454529e+002
    4.91923065e+002 5.08454529e+002 5.90307678e+002 5.08454529e+002
    6.88692261e+002 5.08454529e+002 7.87076904e+002 5.08454529e+002
    9.83846130e+001 5.81090881e+002 1.96769226e+002 5.81090881e+002
    2.95153839e+002 5.81090881e+002 3.93538452e+002 5.81090881e+002
    4.91923065e+002 5.81090881e+002 5.90307678e+002 5.81090881e+002
    6.88692261e+002 5.81090881e+002 2.95153839e+002 6.53727234e+002
    3.93538452e+002 6.53727234e+002 4.91923065e+002 6.53727234e+002
    5.90307678e+002 6.53727234e+002</data></proj_pts>
</opencv_storage>
