<?xml version="1.0"?>
<opencv_storage>
<!-- random blobs in camera coordinate system -->
<cam_pts type_id="opencv-matrix">
  <rows>183</rows>
  <cols>2</cols>
  <dt>f</dt>
  <data>
    1.15486646e+003 1.00734979e+003 1.14282227e+003 9.55134338e+002
    1.12127808e+003 9.10141357e+002 1.09378455e+003 8.70131714e+002
    1.06231848e+003 8.32991211e+002 1.02759595e+003 7.98562744e+002
    9.90534973e+002 7.66172913e+002 9.51660400e+002 7.35695129e+002
    9.10954346e+002 7.06790222e+002 8.69513062e+002 6.79362671e+002
    8.27367859e+002 6.53243652e+002 7.84958130e+002 6.28141724e+002
    7.41705444e+002 6.04996155e+002 6.98982483e+002 5.82664001e+002
    6.55734436e+002 5.62037048e+002 6.12786743e+002 5.42395630e+002
    5.69424927e+002 5.24367371e+002 1.19295288e+003 9.71947571e+002
    1.17817175e+003 9.19012085e+002 1.15416064e+003 8.73582703e+002
    1.12469446e+003 8.32886841e+002 1.09119592e+003 7.95620605e+002
    1.05429993e+003 7.60853699e+002 1.01551984e+003 7.28403320e+002
    9.74770874e+002 6.97894409e+002 9.32300293e+002 6.68819397e+002
    8.89009277e+002 6.41421265e+002 8.44984680e+002 6.15415771e+002
    8.00624329e+002 5.90794067e+002 7.56100891e+002 5.67502441e+002
    7.11445374e+002 5.45682983e+002 6.66926147e+002 5.25195190e+002
    6.22304321e+002 5.06111023e+002 5.78017639e+002 4.88411469e+002
    1.22989929e+003 9.33957947e+002 1.21288574e+003 8.80990479e+002
    1.18735632e+003 8.34917480e+002 1.15543921e+003 7.93953735e+002
    1.11971362e+003 7.56224854e+002 1.08124792e+003 7.21277405e+002
    1.04007947e+003 6.88830017e+002 9.97217529e+002 6.57780884e+002
    9.53153809e+002 6.28857361e+002 9.07975708e+002 6.01649963e+002
    8.62309143e+002 5.75699646e+002 8.15983398e+002 5.51397217e+002
    7.69720215e+002 5.28433533e+002 7.23455566e+002 5.06995667e+002
    6.77412781e+002 4.86903595e+002 6.31484070e+002 4.68231720e+002
    5.85796021e+002 4.51151093e+002 1.24721436e+003 8.40250610e+002
    1.21900610e+003 7.93755554e+002 1.18565454e+003 7.52550415e+002
    1.14777844e+003 7.14562073e+002 1.10723621e+003 6.79765076e+002
    1.06420410e+003 6.46888977e+002 1.01936322e+003 6.16243835e+002
    9.73300964e+002 5.87124451e+002 9.26296753e+002 5.60060791e+002
    8.78607483e+002 5.34418884e+002 8.30610107e+002 5.10320160e+002
    7.82683838e+002 4.87616119e+002 7.34744690e+002 4.66584869e+002
    6.87030212e+002 4.47123199e+002 6.39764343e+002 4.29087128e+002
    5.92612244e+002 4.12634979e+002 1.25088098e+003 7.50571228e+002
    1.21508289e+003 7.08892639e+002 1.17528613e+003 6.70662476e+002
    1.13277136e+003 6.35415527e+002 1.08771472e+003 6.02682068e+002
    1.04064709e+003 5.71958496e+002 9.92819824e+002 5.43250610e+002
    9.43949402e+002 5.16288208e+002 8.94466858e+002 4.90970306e+002
    8.44444702e+002 4.67190521e+002 7.94821289e+002 4.45148651e+002
    7.45146301e+002 4.24578827e+002 6.95928101e+002 4.05720795e+002
    6.47076355e+002 3.88373657e+002 5.98523376e+002 3.72670868e+002
    1.24385657e+003 6.62677063e+002 1.20219971e+003 6.24270691e+002
    1.15719763e+003 5.88990295e+002 1.10993640e+003 5.56216248e+002
    1.06151904e+003 5.25800415e+002 1.01136377e+003 4.97120392e+002
    9.60656860e+002 4.70424622e+002 9.09066284e+002 4.45564880e+002
    8.57317749e+002 4.22285858e+002 8.05893616e+002 4.00798615e+002
    7.54581848e+002 3.81021942e+002 7.03704956e+002 3.62806366e+002
    6.53251892e+002 3.46254578e+002 6.03355225e+002 3.31372467e+002
    1.22796106e+003 5.75241821e+002 1.18111182e+003 5.40001709e+002
    1.13158289e+003 5.07295013e+002 1.08089978e+003 4.76979492e+002
    1.02894495e+003 4.48674438e+002 9.76289551e+002 4.22393677e+002
    9.22725098e+002 3.98071014e+002 8.69021545e+002 3.75468933e+002
    8.16000916e+002 3.54556976e+002 7.62777344e+002 3.35625946e+002
    7.10550354e+002 3.18175598e+002 6.58191650e+002 3.02703979e+002
    6.06884155e+002 2.88740448e+002 1.25204333e+003 5.23521729e+002
    1.20369641e+003 4.88176422e+002 1.15236572e+003 4.55935883e+002
    1.09947021e+003 4.25835449e+002 1.04524365e+003 3.98080170e+002
    9.90451843e+002 3.72292267e+002 9.34986450e+002 3.48602631e+002
    8.79422119e+002 3.26669220e+002 8.24349121e+002 3.06764404e+002
    7.69685791e+002 2.88679077e+002 7.15461182e+002 2.72367950e+002
    6.61820557e+002 2.57833038e+002 6.09019287e+002 2.44972244e+002
    1.22424182e+003 4.33588959e+002 1.17067725e+003 4.01985321e+002
    1.11624561e+003 3.72029480e+002 1.06003589e+003 3.44816956e+002
    1.00313770e+003 3.19892273e+002 9.45759766e+002 2.96978210e+002
    8.88318481e+002 2.75980591e+002 8.31381714e+002 2.57075378e+002
    7.75031921e+002 2.39821838e+002 7.19073486e+002 2.24909943e+002
    6.63878845e+002 2.11398651e+002 6.09475342e+002 1.99904205e+002
    1.24268176e+003 3.76206573e+002 1.18723584e+003 3.44918732e+002
    1.13084155e+003 3.15780090e+002 1.07258472e+003 2.89221130e+002
    1.01386792e+003 2.65190430e+002 9.54492065e+002 2.43314270e+002
    8.95192993e+002 2.23480255e+002 8.36472839e+002 2.05662476e+002
    7.78446228e+002 1.89878723e+002 7.20827026e+002 1.76042709e+002
    6.64017883e+002 1.64148880e+002 6.08026367e+002 1.53872543e+002
    1.25904761e+003 3.15665710e+002 1.20149292e+003 2.85040802e+002
    1.14242859e+003 2.57040344e+002 1.08285364e+003 2.31401993e+002
    1.02222723e+003 2.08449905e+002 9.60890686e+002 1.87664780e+002
    8.99796448e+002 1.68961319e+002 8.39310730e+002 1.52657379e+002
    7.79596802e+002 1.38224960e+002 7.20279663e+002 1.25794830e+002
    6.61949768e+002 1.15522057e+002 6.04532776e+002 1.06740891e+002
    1.21249646e+003 2.22209641e+002 1.15218518e+003 1.95355469e+002
    1.09021375e+003 1.71150085e+002 1.02749109e+003 1.49065155e+002
    9.64634094e+002 1.29981842e+002 9.01860046e+002 1.12827431e+002
    8.39615540e+002 9.80681000e+001 7.78270996e+002 8.51468506e+001
    7.17546631e+002 7.44994812e+001 6.57512634e+002 6.56891861e+001
    5.98737732e+002 5.85802612e+001 1.21955933e+003 1.55539047e+002
    1.15717834e+003 1.30601440e+002 1.09357544e+003 1.08002205e+002
    1.02895020e+003 8.81302643e+001 9.64273254e+002 7.04268951e+001
    9.00140564e+002 5.48046951e+001 8.36663513e+002 4.19179268e+001
    7.73531921e+002 3.12491817e+001 7.11277710e+002 2.26912670e+001
    6.49446838e+002 1.53651600e+001 5.88833130e+002 1.04089870e+001
    1.15686658e+003 6.35294037e+001 1.09208911e+003 4.25419846e+001
    1.02665698e+003 2.44699707e+001</data></cam_pts>
<!-- blobs in projector coordinate system -->
