<?xml version="1.0"?>
<opencv_storage>
<!-- random blobs in camera coordinate system -->
<cam_pts type_id="opencv-matrix">
  <rows>161</rows>
  <cols>2</cols>
  <dt>f</dt>
  <data>
    1.64778320e+002 4.80974854e+002 2.08767303e+002 5.12601685e+002
    2.55301071e+002 5.41513428e+002 3.02673584e+002 5.67342102e+002
    3.51271149e+002 5.90286255e+002 4.01105835e+002 6.11056030e+002
    4.52104614e+002 6.29870850e+002 5.03680664e+002 6.46143066e+002
    5.55623962e+002 6.59929688e+002 6.08228027e+002 6.71733398e+002
    6.60595459e+002 6.80731079e+002 7.12995483e+002 6.87499146e+002
    7.65527588e+002 6.91394836e+002 8.17366211e+002 6.93333496e+002
    8.68650024e+002 6.92470154e+002 9.19163879e+002 6.89688232e+002
    9.68821716e+002 6.84266785e+002 1.01751855e+003 6.76332214e+002
    1.43618790e+002 5.06041931e+002 1.89080429e+002 5.40165405e+002
    2.36691803e+002 5.70521240e+002 2.85600494e+002 5.98024536e+002
    3.35704315e+002 6.22470398e+002 3.87150330e+002 6.44582214e+002
    4.39712463e+002 6.64509338e+002 4.93167572e+002 6.81720032e+002
    5.46825195e+002 6.96237549e+002 6.01293457e+002 7.08640808e+002
    6.55568848e+002 7.18142883e+002 7.09995850e+002 7.24844177e+002
    7.64170349e+002 7.29289307e+002 8.17886841e+002 7.30917908e+002
    8.70968201e+002 7.29950867e+002 9.23181519e+002 7.26971008e+002
    9.74547302e+002 7.20799133e+002 1.02498499e+003 7.12332031e+002
    1.20052582e+002 5.30646179e+002 1.67953842e+002 5.67209778e+002
    2.16673370e+002 5.99742310e+002 2.67114136e+002 6.29337341e+002
    3.18855286e+002 6.55613770e+002 3.71872131e+002 6.79196655e+002
    4.26325562e+002 7.00293213e+002 4.81555817e+002 7.18422607e+002
    5.37239502e+002 7.33985413e+002 5.93778076e+002 7.47197021e+002
    6.49952942e+002 7.56857849e+002 7.06229858e+002 7.64020386e+002
    7.62481262e+002 7.68334167e+002 8.18162048e+002 7.69945374e+002
    8.73125488e+002 7.68713074e+002 9.27217041e+002 7.65156555e+002
    9.80515930e+002 7.58591309e+002 1.03246057e+003 7.48650024e+002
    9.63714905e+001 5.54525940e+002 1.44539444e+002 5.94380615e+002
    1.95031403e+002 6.29399109e+002 2.47347061e+002 6.61256165e+002
    3.00802185e+002 6.89292786e+002 3.55591553e+002 7.14371460e+002
    4.11919373e+002 7.36850525e+002 4.69085114e+002 7.56206604e+002
    5.26917603e+002 7.72740662e+002 5.85257751e+002 7.86257324e+002
    6.43611877e+002 7.96775208e+002 7.02128540e+002 8.04278137e+002
    7.60390930e+002 8.08782288e+002 8.18080688e+002 8.10266357e+002
    8.75230652e+002 8.08656982e+002 9.31058899e+002 8.04270630e+002
    9.86475403e+002 7.97093750e+002 1.04007251e+003 7.86281128e+002
    6.95858536e+001 5.77514282e+002 1.20495529e+002 6.20687134e+002
    1.72228531e+002 6.58945435e+002 2.26126328e+002 6.93070740e+002
    2.81701508e+002 7.23417419e+002 3.37998749e+002 7.50164429e+002
    3.96182098e+002 7.74204407e+002 4.55492950e+002 7.94922180e+002
    5.15482178e+002 8.12663330e+002 5.76038269e+002 8.26955444e+002
    6.36482056e+002 8.38017395e+002 6.97279358e+002 8.45949951e+002
    7.57802795e+002 8.50758362e+002 8.17620972e+002 8.51736572e+002
    8.76815247e+002 8.49714722e+002 9.35111450e+002 8.45038940e+002
    9.92454407e+002 8.36648743e+002 1.04819885e+003 8.24792542e+002
    4.13859100e+001 5.99126343e+002 9.32564240e+001 6.46298157e+002
    1.47035522e+002 6.88117798e+002 2.02921677e+002 7.25311768e+002
    2.60144196e+002 7.58059692e+002 3.18821655e+002 7.86671631e+002
    3.79273895e+002 8.12558105e+002 4.40714172e+002 8.34949890e+002
    5.02816681e+002 8.53528870e+002 5.65680176e+002 8.68732422e+002
    6.28625244e+002 8.80686646e+002 6.91861267e+002 8.88959106e+002
    7.54576965e+002 8.93641174e+002 8.16855591e+002 8.94732544e+002
    8.78253479e+002 8.92182251e+002 9.38573608e+002 8.86729858e+002
    9.98022705e+002 8.76666870e+002 1.05626172e+003 8.63499023e+002
    6.47467117e+001 6.69818115e+002 1.20229286e+002 7.16276672e+002
    1.77849274e+002 7.56924377e+002 2.36972992e+002 7.92318481e+002
    2.97777710e+002 8.23731140e+002 3.60648010e+002 8.51380371e+002
    4.24641907e+002 8.75027283e+002 4.89081238e+002 8.95112427e+002
    5.54266052e+002 9.11563049e+002 6.19925415e+002 9.24369324e+002
    6.85517517e+002 9.33008911e+002 7.50822632e+002 9.37823242e+002
    8.15449707e+002 9.38170776e+002 8.79547913e+002 9.35778748e+002
    9.42393188e+002 9.28884827e+002 1.00459595e+003 9.18506226e+002
    1.06498596e+003 9.03389160e+002 3.22810059e+001 6.91147583e+002
    9.03506165e+001 7.42312683e+002 1.50182861e+002 7.87048035e+002
    2.11632889e+002 8.26086609e+002 2.74746277e+002 8.60444885e+002
    3.40070343e+002 8.90491333e+002 4.06244354e+002 9.16605225e+002
    4.73459717e+002 9.37956055e+002 5.41523987e+002 9.55626221e+002
    6.09890686e+002 9.68969604e+002 6.78140503e+002 9.78035461e+002
    7.46278015e+002 9.83022156e+002 8.13585571e+002 9.83618469e+002
    8.80218872e+002 9.79882263e+002 9.45520264e+002 9.71699585e+002
    1.01040497e+003 9.60311035e+002 1.07360791e+003 9.43354553e+002
    5.71942863e+001 7.65470947e+002 1.19628120e+002 8.15855469e+002
    1.83744064e+002 8.59383362e+002 2.49437973e+002 8.96691772e+002
    3.17839386e+002 9.29137817e+002 3.86537659e+002 9.57690613e+002
    4.56717346e+002 9.80570496e+002 5.27437805e+002 1.00034412e+003
    5.98796204e+002 1.01431921e+003 1.01678528e+003 1.00251477e+003
    1.08320203e+003 9.83655884e+002 8.52539520e+001 8.41268311e+002
    1.52294083e+002 8.89904297e+002 2.20876297e+002 9.31642578e+002
    2.91637329e+002 9.68077332e+002 3.63579529e+002 9.98869507e+002
    1.16170135e+002 9.17295471e+002 1.89414948e+002 9.63823730e+002
    2.62197083e+002 1.00463367e+003</data></cam_pts>
<!-- blobs in projector coordinate system -->
