<?xml version="1.0"?>
<opencv_storage>
<!-- random blobs in camera coordinate system -->
<cam_pts type_id="opencv-matrix">
  <rows>186</rows>
  <cols>2</cols>
  <dt>f</dt>
  <data>
    5.61681702e+002 1.11845367e+002 6.06546021e+002 9.87980728e+001
    6.52746704e+002 8.61219482e+001 6.98990723e+002 7.34682388e+001
    7.45508057e+002 6.11432152e+001 7.92339355e+002 4.91075211e+001
    8.39120300e+002 3.73944321e+001 8.85526367e+002 2.60312805e+001
    9.31034058e+002 1.47711992e+001 5.72004211e+002 1.44883499e+002
    6.17991455e+002 1.32655518e+002 6.64986877e+002 1.20736870e+002
    7.12617920e+002 1.08958832e+002 7.60404785e+002 9.75728989e+001
    8.08339355e+002 8.63156662e+001 8.56646179e+002 7.55322952e+001
    9.04416016e+002 6.49147263e+001 9.51792053e+002 5.47829208e+001
    9.98425415e+002 4.50210762e+001 1.04418518e+003 3.57996521e+001
    5.80738586e+002 1.79357834e+002 6.27824219e+002 1.68102112e+002
    6.75567200e+002 1.57035965e+002 7.24333679e+002 1.46270599e+002
    7.73485535e+002 1.35628952e+002 8.22792053e+002 1.25425850e+002
    8.72381409e+002 1.15516647e+002 9.21698975e+002 1.06204155e+002
    9.70717407e+002 9.69882584e+001 1.01882904e+003 8.87051697e+001
    1.06577637e+003 8.05323639e+001 1.11143835e+003 7.24080658e+001
    5.88155701e+002 2.15258804e+002 6.36120056e+002 2.05061798e+002
    6.85011536e+002 1.94957275e+002 7.34741211e+002 1.85083633e+002
    7.84988953e+002 1.75565155e+002 8.35603088e+002 1.66391891e+002
    8.86236145e+002 1.57532074e+002 9.36928711e+002 1.49214539e+002
    9.87386597e+002 1.41377197e+002 1.03710913e+003 1.33850708e+002
    1.08550061e+003 1.26891411e+002 1.13272644e+003 1.20767021e+002
    5.94197937e+002 2.52730881e+002 6.42952087e+002 2.43510635e+002
    6.92915100e+002 2.34514542e+002 7.43480530e+002 2.25672028e+002
    7.94845520e+002 2.17199524e+002 8.46562256e+002 2.09143661e+002
    8.98596802e+002 2.01483292e+002 9.50520264e+002 1.94227951e+002
    1.00213196e+003 1.87755463e+002 1.05314844e+003 1.81760559e+002
    1.10290771e+003 1.76256210e+002 1.15155530e+003 1.71219101e+002
    5.98627380e+002 2.91656281e+002 6.48416077e+002 2.83453186e+002
    6.99139160e+002 2.75571442e+002 7.50639893e+002 2.67982635e+002
    8.02866577e+002 2.60702484e+002 8.55741211e+002 2.53781189e+002
    9.08963318e+002 2.47421265e+002 9.62079163e+002 2.41556564e+002
    1.01454407e+003 2.36316025e+002 1.06722717e+003 2.31523804e+002
    1.11827271e+003 2.27458420e+002 1.16821643e+003 2.24247681e+002
    1.21594104e+003 2.21387390e+002 6.01511902e+002 3.31915649e+002
    6.52075562e+002 3.24928680e+002 7.03635559e+002 3.18256317e+002
    7.55970764e+002 3.11832520e+002 8.09169739e+002 3.05867554e+002
    8.63026123e+002 3.00301849e+002 9.17357056e+002 2.95199432e+002
    9.71401428e+002 2.90589294e+002 1.02532520e+003 2.86674133e+002
    1.07859229e+003 2.83456360e+002 1.13070337e+003 2.80935120e+002
    1.18161719e+003 2.78981812e+002 1.23062219e+003 2.78138580e+002
    6.02600769e+002 3.73401337e+002 6.54052673e+002 3.67772278e+002
    7.06414795e+002 3.62400543e+002 7.59577026e+002 3.57299164e+002
    8.13471680e+002 3.52711578e+002 8.68289551e+002 3.48394714e+002
    9.23312317e+002 3.44646759e+002 9.78489868e+002 3.41563568e+002
    1.03339111e+003 3.39071045e+002 1.08754553e+003 3.37438019e+002
    1.14052820e+003 3.36664673e+002 1.19240820e+003 3.36553589e+002
    1.24241956e+003 3.37206573e+002 6.02220154e+002 4.16270172e+002
    6.53963806e+002 4.11964386e+002 7.07272461e+002 4.07874725e+002
    7.61241211e+002 4.04254425e+002 8.15885681e+002 4.00938507e+002
    8.71181824e+002 3.98197388e+002 9.27210144e+002 3.96026825e+002
    9.83218689e+002 3.94325867e+002 1.03882239e+003 3.93557220e+002
    1.09393347e+003 3.93472015e+002 1.14776294e+003 3.94265656e+002
    1.19972742e+003 3.95869537e+002 1.25083655e+003 3.98594421e+002
    5.99972107e+002 4.60061798e+002 6.52369141e+002 4.57190613e+002
    7.05995361e+002 4.54678711e+002 7.60760437e+002 4.52611481e+002
    8.16125000e+002 4.50608154e+002 8.72323792e+002 4.49580170e+002
    9.28752747e+002 4.48978973e+002 9.85376404e+002 4.48954651e+002
    1.04150476e+003 4.49830200e+002 1.09745288e+003 4.51393707e+002
    1.15144775e+003 4.53716705e+002 1.20444507e+003 4.57398956e+002
    1.25565356e+003 4.61964844e+002 5.95582275e+002 5.05020172e+002
    6.48580200e+002 5.03745422e+002 7.02982971e+002 5.02175354e+002
    7.57908203e+002 5.02043549e+002 8.13930359e+002 5.02221771e+002
    8.70540771e+002 5.02526428e+002 9.27614380e+002 5.03415710e+002
    9.84641663e+002 5.05229309e+002 1.04130249e+003 5.07815155e+002
    1.09739172e+003 5.11124084e+002 1.15199902e+003 5.15115479e+002
    1.20495178e+003 5.20524475e+002 1.25607129e+003 5.27345764e+002
    5.89035828e+002 5.50903870e+002 6.42447021e+002 5.51023376e+002
    6.97153748e+002 5.51609985e+002 7.52860352e+002 5.52644287e+002
    8.09247986e+002 5.54174194e+002 8.66181458e+002 5.56680054e+002
    9.23820862e+002 5.59149292e+002 9.81261414e+002 5.62678711e+002
    1.03788843e+003 5.66871704e+002 1.09413123e+003 5.72298218e+002
    1.14854297e+003 5.78110229e+002 1.20165356e+003 5.85563965e+002
    1.25211865e+003 5.94433472e+002 5.80539795e+002 5.97155640e+002
    6.34191101e+002 5.98981812e+002 6.89231384e+002 6.01276794e+002
    7.45284119e+002 6.04042053e+002 8.01976074e+002 6.07373840e+002
    8.59019043e+002 6.11362976e+002 9.16946411e+002 6.16014465e+002
    9.74512085e+002 6.21236694e+002 1.03113074e+003 6.27230835e+002
    1.08713110e+003 6.34186340e+002 1.14154626e+003 6.42518066e+002
    1.19387488e+003 6.51996582e+002 1.24390674e+003 6.62684448e+002
    5.69828308e+002 6.43793213e+002 6.23510986e+002 6.47442871e+002
    6.78571106e+002 6.51471069e+002 7.34697266e+002 6.56118347e+002
    7.91521790e+002 6.61165527e+002 8.48896240e+002 6.67074890e+002
    9.06394836e+002 6.73334900e+002 9.64078796e+002 6.80556152e+002
    1.02068298e+003 6.88348572e+002 1.07629626e+003 6.97654236e+002
    1.13030957e+003 7.07636658e+002 1.18184521e+003 7.19386902e+002
    1.23095544e+003 7.32024109e+002 5.56210510e+002 6.90886597e+002
    6.10189331e+002 6.96214722e+002 6.65289795e+002 7.02012146e+002
    7.21155518e+002 7.08494263e+002 7.77889282e+002 7.15413818e+002
    8.35236572e+002 7.23023315e+002 8.92622803e+002 7.31338257e+002
    9.49747437e+002 7.40166809e+002 1.00550360e+003 7.50177673e+002
    1.06096118e+003 7.60936096e+002 1.11407056e+003 7.73427429e+002
    1.16467773e+003 7.87146057e+002 1.21150732e+003 8.03306946e+002</data></cam_pts>
<!-- blobs in projector coordinate system -->
