<?xml version="1.0"?>
<opencv_storage>
<!-- random blobs in camera coordinate system -->
<cam_pts type_id="opencv-matrix">
  <rows>160</rows>
  <cols>2</cols>
  <dt>f</dt>
  <data>
    2.32329605e+002 6.11149109e+002 2.80265961e+002 6.29428833e+002
    3.29450409e+002 6.44820679e+002 3.79629120e+002 6.57743103e+002
    4.30729401e+002 6.68207214e+002 4.82474823e+002 6.75970032e+002
    5.35143433e+002 6.81656616e+002 5.88010315e+002 6.85033630e+002
    6.40976501e+002 6.86203552e+002 6.94136353e+002 6.85046509e+002
    7.46859802e+002 6.81587769e+002 7.99253052e+002 6.75760681e+002
    8.50976135e+002 6.67759155e+002 9.02076599e+002 6.57036011e+002
    9.51832825e+002 6.44132019e+002 1.00056323e+003 6.28697937e+002
    1.04787512e+003 6.10443054e+002 1.09395520e+003 5.89627563e+002
    2.18006042e+002 6.42163391e+002 2.67534302e+002 6.61849670e+002
    3.18233398e+002 6.78750183e+002 3.70334595e+002 6.92681396e+002
    4.23067291e+002 7.03874878e+002 4.76666809e+002 7.12452759e+002
    5.31110657e+002 7.18488586e+002 5.85856323e+002 7.22237061e+002
    6.40792114e+002 7.23592163e+002 6.95865845e+002 7.22546570e+002
    7.50433777e+002 7.18945618e+002 8.04676208e+002 7.12823547e+002
    8.58502808e+002 7.04277893e+002 9.11216858e+002 6.93149841e+002
    9.62714783e+002 6.79332397e+002 1.01296661e+003 6.62989258e+002
    1.06191333e+003 6.43520508e+002 1.10905591e+003 6.21550293e+002
    2.02567352e+002 6.73376770e+002 2.54005173e+002 6.94968323e+002
    3.06333221e+002 7.13072083e+002 3.60096283e+002 7.28356323e+002
    4.14692688e+002 7.40593262e+002 4.70342743e+002 7.50152161e+002
    5.26703613e+002 7.56736938e+002 5.83365479e+002 7.60719604e+002
    6.40336365e+002 7.62370239e+002 6.97504578e+002 7.61300598e+002
    7.54048706e+002 7.57640442e+002 8.10379333e+002 7.51276001e+002
    8.65948669e+002 7.42001160e+002 9.20466187e+002 7.30227173e+002
    9.73776978e+002 7.15687622e+002 1.02576514e+003 6.98238403e+002
    1.07652332e+003 6.77451660e+002 1.12518689e+003 6.53830200e+002
    1.86439911e+002 7.05451294e+002 2.39016281e+002 7.28687134e+002
    2.93787476e+002 7.48562683e+002 3.49104523e+002 7.65113770e+002
    4.05809509e+002 7.78467834e+002 4.63319489e+002 7.88795837e+002
    5.21772583e+002 7.96256226e+002 5.80607910e+002 8.00700745e+002
    6.39609802e+002 8.02429260e+002 6.98909851e+002 8.01346375e+002
    7.57710754e+002 7.97467163e+002 8.16062561e+002 7.90850952e+002
    8.73758728e+002 7.81038269e+002 9.30231995e+002 7.68678833e+002
    9.85688538e+002 7.53198669e+002 1.03931799e+003 7.34265015e+002
    1.09149719e+003 7.12841309e+002 1.14240503e+003 6.86694336e+002
    1.68669540e+002 7.37472046e+002 2.23483582e+002 7.62871155e+002
    2.79655792e+002 7.84691650e+002 3.37257904e+002 8.02492554e+002
    3.96101898e+002 8.17211243e+002 4.55717041e+002 8.28736816e+002
    5.16352356e+002 8.37001770e+002 5.77591309e+002 8.41935242e+002
    6.38704956e+002 8.43823181e+002 7.00295959e+002 8.42865295e+002
    7.61298950e+002 8.38855042e+002 8.21961243e+002 8.31785889e+002
    8.81651245e+002 8.21711914e+002 9.40213440e+002 8.08061340e+002
    9.97484131e+002 7.91117004e+002 1.05341443e+003 7.71415039e+002
    1.10768494e+003 7.47537231e+002 1.15995715e+003 7.19831360e+002
    1.49139679e+002 7.68830261e+002 2.06355759e+002 7.97480835e+002
    2.64803436e+002 8.21142761e+002 3.24402069e+002 8.41073181e+002
    3.85165710e+002 8.57177856e+002 4.47165558e+002 8.69559570e+002
    5.10291870e+002 8.78780945e+002 5.73858459e+002 8.84573914e+002
    6.37446533e+002 8.86680847e+002 7.01498413e+002 8.85616150e+002
    7.64822937e+002 8.81385193e+002 8.28062134e+002 8.73902527e+002
    8.90127319e+002 8.63152893e+002 9.50700439e+002 8.48379761e+002
    1.01038043e+003 8.30574341e+002 1.06833569e+003 8.08946777e+002
    1.12422571e+003 7.83494141e+002 1.17844897e+003 7.53155884e+002
    1.28279236e+002 8.00256897e+002 1.87415573e+002 8.31659302e+002
    2.47904968e+002 8.57839111e+002 3.10030884e+002 8.79972229e+002
    3.73632080e+002 8.97925659e+002 4.37917511e+002 9.11511169e+002
    5.03292175e+002 9.21454346e+002 5.69520447e+002 9.28135559e+002
    6.35740723e+002 9.30787903e+002 7.02279968e+002 9.29752747e+002
    7.68502930e+002 9.25474854e+002 8.33755554e+002 9.17308105e+002
    8.98584961e+002 9.05822021e+002 9.61975952e+002 8.90150635e+002
    1.02365771e+003 8.70959229e+002 1.08379846e+003 8.47045532e+002
    1.14210205e+003 8.19095459e+002 1.19860217e+003 7.85724854e+002
    1.04591614e+002 8.29500732e+002 1.66302856e+002 8.64781555e+002
    2.29861420e+002 8.94640198e+002 2.94360962e+002 9.19072815e+002
    3.60226501e+002 9.38799133e+002 4.27552582e+002 9.54104126e+002
    4.95661011e+002 9.65453857e+002 5.64527954e+002 9.72777039e+002
    6.33437866e+002 9.75940125e+002 7.03223877e+002 9.75009338e+002
    7.71443298e+002 9.70370911e+002 8.39956360e+002 9.61550171e+002
    9.07418091e+002 9.49211060e+002 9.73316223e+002 9.32309631e+002
    1.03743726e+003 9.10640991e+002 1.10001746e+003 8.85558899e+002
    1.16072473e+003 8.54785950e+002 1.21977063e+003 8.18315796e+002
    1.42892319e+002 8.97308594e+002 2.09394455e+002 9.30697388e+002
    2.77273254e+002 9.58285522e+002 3.45507050e+002 9.79744751e+002
    4.15380432e+002 9.97191040e+002 4.86993347e+002 1.00992883e+003
    8.46096375e+002 1.00718433e+003 9.16623108e+002 9.93554993e+002
    9.85131042e+002 9.75171082e+002 1.05247046e+003 9.51945251e+002
    1.11790833e+003 9.24257446e+002 1.18091431e+003 8.89192566e+002
    1.85990860e+002 9.65574463e+002 2.57229218e+002 9.96751892e+002
    1.06760645e+003 9.92236511e+002 1.13639563e+003 9.61369934e+002</data></cam_pts>
<!-- blobs in projector coordinate system -->
