<?xml version="1.0"?>
<opencv_storage>
<!-- random blobs in camera coordinate system -->
<cam_pts type_id="opencv-matrix">
  <rows>81</rows>
  <cols>2</cols>
  <dt>f</dt>
  <data>
    6.42009216e+002 7.61346252e+002 6.62750671e+002 6.97976379e+002
    6.81088013e+002 6.32487793e+002 6.97663879e+002 5.65516785e+002
    7.11955750e+002 4.97721191e+002 7.23516479e+002 4.29198669e+002
    7.33351868e+002 3.60776672e+002 7.40273010e+002 2.92713684e+002
    7.43401367e+002 2.25701111e+002 7.41096313e+002 1.58951859e+002
    7.29522888e+002 9.35485611e+001 6.83077393e+002 7.78148560e+002
    7.05322266e+002 7.13522339e+002 7.24589417e+002 6.46541626e+002
    7.41862976e+002 5.78022888e+002 7.56915344e+002 5.08385437e+002
    7.69541687e+002 4.38170410e+002 7.79882080e+002 3.67671997e+002
    7.86868042e+002 2.98544739e+002 7.90102417e+002 2.28920456e+002
    7.87538513e+002 1.60152634e+002 7.76160400e+002 9.69056320e+001
    7.24749878e+002 7.96517273e+002 7.48469482e+002 7.30087646e+002
    7.69178711e+002 6.61552734e+002 7.87440186e+002 5.91271606e+002
    8.03315369e+002 5.19895447e+002 8.16796753e+002 4.47598480e+002
    8.27676697e+002 3.75236237e+002 8.34563843e+002 3.04363556e+002
    8.37891418e+002 2.32541992e+002 8.35007080e+002 1.61951981e+002
    7.27228271e+002 7.90692291e+001 7.66732117e+002 8.15952271e+002
    7.92196228e+002 7.46903687e+002 8.14725464e+002 6.77456421e+002
    8.51073975e+002 5.32176208e+002 8.65351318e+002 4.58117767e+002
    8.76018555e+002 3.84186157e+002 8.83643860e+002 3.10427765e+002
    8.86637329e+002 2.36948380e+002 8.82720581e+002 1.64781998e+002
    8.08688354e+002 8.36626892e+002 8.36414063e+002 7.66100708e+002
    8.60442810e+002 6.93990601e+002 8.81759338e+002 6.20769226e+002
    8.99791626e+002 5.45583801e+002 9.14607483e+002 4.69511963e+002
    9.25674255e+002 3.93654083e+002 9.33587708e+002 3.17488190e+002
    9.35852356e+002 2.42413879e+002 9.29312378e+002 1.70621735e+002
    8.50053101e+002 8.59298157e+002 8.80874939e+002 7.86455200e+002
    9.06857483e+002 7.12741516e+002 9.29344116e+002 6.36781311e+002
    9.48329712e+002 5.60075317e+002 9.64277710e+002 4.82281525e+002
    9.76294556e+002 4.04269348e+002 9.84066223e+002 3.25499023e+002
    8.89899475e+002 8.83597107e+002 9.24504028e+002 8.08937012e+002
    9.53467102e+002 7.32898132e+002 9.77856812e+002 6.55171143e+002
    9.98580444e+002 5.76178589e+002 1.01522998e+003 4.96063293e+002
    1.02754102e+003 4.15778107e+002 1.03451074e+003 3.35709137e+002
    1.03158557e+003 2.58920013e+002 9.24800049e+002 9.11263794e+002
    9.66313232e+002 8.33629822e+002 9.99064270e+002 7.55403198e+002
    1.02592517e+003 6.75261108e+002 1.04830261e+003 5.94264709e+002
    1.06582288e+003 5.12075378e+002 1.07805750e+003 4.29355072e+002
    1.08304089e+003 3.47796021e+002 1.04095227e+003 7.80680969e+002
    1.07151465e+003 6.98130920e+002 1.09594678e+003 6.14538940e+002
    1.11457373e+003 5.30287842e+002</data></cam_pts>
<!-- blobs in projector coordinate system -->
<proj_pts type_id="opencv-matrix">
  <rows>81</rows>
  <cols>2</cols>
  <dt>f</dt>
  <data>
    9.83846130e+001 7.26363602e+001 1.96769226e+002 7.26363602e+001
    2.95153839e+002 7.26363602e+001 3.93538452e+002 7.26363602e+001
    4.91923065e+002 7.26363602e+001 5.90307678e+002 7.26363602e+001
    6.88692261e+002 7.26363602e+001 7.87076904e+002 7.26363602e+001
    8.85461548e+002 7.26363602e+001 9.83846130e+002 7.26363602e+001
    1.08223071e+003 7.26363602e+001 9.83846130e+001 1.45272720e+002
    1.96769226e+002 1.45272720e+002 2.95153839e+002 1.45272720e+002
    3.93538452e+002 1.45272720e+002 4.91923065e+002 1.45272720e+002
    5.90307678e+002 1.45272720e+002 6.88692261e+002 1.45272720e+002
    7.87076904e+002 1.45272720e+002 8.85461548e+002 1.45272720e+002
    9.83846130e+002 1.45272720e+002 1.08223071e+003 1.45272720e+002
    9.83846130e+001 2.17909088e+002 1.96769226e+002 2.17909088e+002
    2.95153839e+002 2.17909088e+002 3.93538452e+002 2.17909088e+002
    4.91923065e+002 2.17909088e+002 5.90307678e+002 2.17909088e+002
    6.88692261e+002 2.17909088e+002 7.87076904e+002 2.17909088e+002
    8.85461548e+002 2.17909088e+002 9.83846130e+002 2.17909088e+002
    1.08223071e+003 2.17909088e+002 9.83846130e+001 2.90545441e+002
    1.96769226e+002 2.90545441e+002 2.95153839e+002 2.90545441e+002
    4.91923065e+002 2.90545441e+002 5.90307678e+002 2.90545441e+002
    6.88692261e+002 2.90545441e+002 7.87076904e+002 2.90545441e+002
    8.85461548e+002 2.90545441e+002 9.83846130e+002 2.90545441e+002
    9.83846130e+001 3.63181793e+002 1.96769226e+002 3.63181793e+002
    2.95153839e+002 3.63181793e+002 3.93538452e+002 3.63181793e+002
    4.91923065e+002 3.63181793e+002 5.90307678e+002 3.63181793e+002
    6.88692261e+002 3.63181793e+002 7.87076904e+002 3.63181793e+002
    8.85461548e+002 3.63181793e+002 9.83846130e+002 3.63181793e+002
    9.83846130e+001 4.35818176e+002 1.96769226e+002 4.35818176e+002
    2.95153839e+002 4.35818176e+002 3.93538452e+002 4.35818176e+002
    4.91923065e+002 4.35818176e+002 5.90307678e+002 4.35818176e+002
    6.88692261e+002 4.35818176e+002 7.87076904e+002 4.35818176e+002
    9.83846130e+001 5.08454529e+002 1.96769226e+002 5.08454529e+002
    2.95153839e+002 5.08454529e+002 3.93538452e+002 5.08454529e+002
    4.91923065e+002 5.08454529e+002 5.90307678e+002 5.08454529e+002
    6.88692261e+002 5.08454529e+002 7.87076904e+002 5.08454529e+002
    8.85461548e+002 5.08454529e+002 9.83846130e+001 5.81090881e+002
    1.96769226e+002 5.81090881e+002 2.95153839e+002 5.81090881e+002
    3.93538452e+002 5.81090881e+002 4.91923065e+002 5.81090881e+002
    5.90307678e+002 5.81090881e+002 6.88692261e+002 5.81090881e+002
    7.87076904e+002 5.81090881e+002 2.95153839e+002 6.53727234e+002
    3.93538452e+002 6.53727234e+002 4.91923065e+002 6.53727234e+002
    5.90307678e+002 6.53727234e+002</data></proj_pts>
</opencv_storage>
