<?xml version="1.0"?>
<opencv_storage>
<!-- random blobs in camera coordinate system -->
<cam_pts type_id="opencv-matrix">
  <rows>80</rows>
  <cols>2</cols>
  <dt>f</dt>
  <data>
    2.77239349e+002 5.17494202e+002 3.43622192e+002 5.44498352e+002
    4.11439056e+002 5.63665344e+002 4.80234253e+002 5.77496521e+002
    5.50127319e+002 5.87034668e+002 6.20318726e+002 5.93122681e+002
    6.90274231e+002 5.95898926e+002 7.59625610e+002 5.95651550e+002
    8.27848267e+002 5.92127258e+002 8.94573181e+002 5.85063721e+002
    9.60463867e+002 5.73519287e+002 2.65863159e+002 5.61460571e+002
    3.34218475e+002 5.89965454e+002 4.04812408e+002 6.09928528e+002
    4.75161041e+002 6.24196289e+002 5.47360840e+002 6.34049744e+002
    6.19693604e+002 6.39918091e+002 6.91807251e+002 6.42437500e+002
    7.63061768e+002 6.41681702e+002 8.33342346e+002 6.37546265e+002
    9.01380005e+002 6.29436707e+002 9.69590210e+002 6.16312073e+002
    2.54287247e+002 6.05363770e+002 3.25092438e+002 6.35806152e+002
    3.97717010e+002 6.56924988e+002 4.70459930e+002 6.71785522e+002
    5.44867920e+002 6.82064758e+002 6.19401306e+002 6.87961365e+002
    6.93849731e+002 6.90231384e+002 7.67208618e+002 6.88841919e+002
    8.39346924e+002 6.83623901e+002 9.09398010e+002 6.74088562e+002
    9.79391296e+002 6.59293579e+002 2.42407318e+002 6.48158691e+002
    3.15618835e+002 6.82203430e+002 3.90291138e+002 7.04540405e+002
    4.66495209e+002 7.20163818e+002 5.42663513e+002 7.31045532e+002
    6.19663147e+002 7.37112671e+002 6.96336487e+002 7.38930237e+002
    7.71885681e+002 7.36714294e+002 8.45143188e+002 7.29768616e+002
    9.18801147e+002 7.19035522e+002 9.90744080e+002 7.02187805e+002
    3.06035736e+002 7.28280212e+002 3.83422607e+002 7.52982544e+002
    4.62144135e+002 7.69797119e+002 5.41331177e+002 7.80433716e+002
    6.20333313e+002 7.86868469e+002 6.99321411e+002 7.88113831e+002
    7.76586548e+002 7.84441833e+002 8.53412781e+002 7.76953613e+002
    9.28871765e+002 7.64129883e+002 1.00350043e+003 7.44163635e+002
    2.97237701e+002 7.73629517e+002 3.76745544e+002 8.01345032e+002
    4.57677734e+002 8.19637756e+002 5.39818909e+002 8.30968994e+002
    6.21692749e+002 8.36544067e+002 7.02959045e+002 8.37666016e+002
    7.83277222e+002 8.33331177e+002 8.62578430e+002 8.24040283e+002
    9.40411560e+002 8.08454285e+002 1.01813593e+003 7.84117004e+002
    3.70365051e+002 8.48510193e+002 4.54312866e+002 8.69360352e+002
    5.38791138e+002 8.81879211e+002 6.23558594e+002 8.87755554e+002
    7.07911438e+002 8.87718811e+002 7.90918762e+002 8.82069641e+002
    8.72918701e+002 8.70252686e+002 9.54111755e+002 8.51054443e+002
    4.51525085e+002 9.17325195e+002 5.39287476e+002 9.31539490e+002
    6.26860474e+002 9.37543945e+002 7.14094666e+002 9.36690857e+002
    7.99961548e+002 9.29122009e+002 8.85464905e+002 9.14098267e+002
    6.31303345e+002 9.83903381e+002 7.21722595e+002 9.81963196e+002</data></cam_pts>
<!-- blobs in projector coordinate system -->
<proj_pts type_id="opencv-matrix">
  <rows>80</rows>
  <cols>2</cols>
  <dt>f</dt>
  <data>
    1.96769226e+002 7.26363602e+001 2.95153839e+002 7.26363602e+001
    3.93538452e+002 7.26363602e+001 4.91923065e+002 7.26363602e+001
    5.90307678e+002 7.26363602e+001 6.88692261e+002 7.26363602e+001
    7.87076904e+002 7.26363602e+001 8.85461548e+002 7.26363602e+001
    9.83846130e+002 7.26363602e+001 1.08223071e+003 7.26363602e+001
    1.18061536e+003 7.26363602e+001 1.96769226e+002 1.45272720e+002
    2.95153839e+002 1.45272720e+002 3.93538452e+002 1.45272720e+002
    4.91923065e+002 1.45272720e+002 5.90307678e+002 1.45272720e+002
    6.88692261e+002 1.45272720e+002 7.87076904e+002 1.45272720e+002
    8.85461548e+002 1.45272720e+002 9.83846130e+002 1.45272720e+002
    1.08223071e+003 1.45272720e+002 1.18061536e+003 1.45272720e+002
    1.96769226e+002 2.17909088e+002 2.95153839e+002 2.17909088e+002
    3.93538452e+002 2.17909088e+002 4.91923065e+002 2.17909088e+002
    5.90307678e+002 2.17909088e+002 6.88692261e+002 2.17909088e+002
    7.87076904e+002 2.17909088e+002 8.85461548e+002 2.17909088e+002
    9.83846130e+002 2.17909088e+002 1.08223071e+003 2.17909088e+002
    1.18061536e+003 2.17909088e+002 1.96769226e+002 2.90545441e+002
    2.95153839e+002 2.90545441e+002 3.93538452e+002 2.90545441e+002
    4.91923065e+002 2.90545441e+002 5.90307678e+002 2.90545441e+002
    6.88692261e+002 2.90545441e+002 7.87076904e+002 2.90545441e+002
    8.85461548e+002 2.90545441e+002 9.83846130e+002 2.90545441e+002
    1.08223071e+003 2.90545441e+002 1.18061536e+003 2.90545441e+002
    2.95153839e+002 3.63181793e+002 3.93538452e+002 3.63181793e+002
    4.91923065e+002 3.63181793e+002 5.90307678e+002 3.63181793e+002
    6.88692261e+002 3.63181793e+002 7.87076904e+002 3.63181793e+002
    8.85461548e+002 3.63181793e+002 9.83846130e+002 3.63181793e+002
    1.08223071e+003 3.63181793e+002 1.18061536e+003 3.63181793e+002
    2.95153839e+002 4.35818176e+002 3.93538452e+002 4.35818176e+002
    4.91923065e+002 4.35818176e+002 5.90307678e+002 4.35818176e+002
    6.88692261e+002 4.35818176e+002 7.87076904e+002 4.35818176e+002
    8.85461548e+002 4.35818176e+002 9.83846130e+002 4.35818176e+002
    1.08223071e+003 4.35818176e+002 1.18061536e+003 4.35818176e+002
    3.93538452e+002 5.08454529e+002 4.91923065e+002 5.08454529e+002
    5.90307678e+002 5.08454529e+002 6.88692261e+002 5.08454529e+002
    7.87076904e+002 5.08454529e+002 8.85461548e+002 5.08454529e+002
    9.83846130e+002 5.08454529e+002 1.08223071e+003 5.08454529e+002
    4.91923065e+002 5.81090881e+002 5.90307678e+002 5.81090881e+002
    6.88692261e+002 5.81090881e+002 7.87076904e+002 5.81090881e+002
    8.85461548e+002 5.81090881e+002 9.83846130e+002 5.81090881e+002
    6.88692261e+002 6.53727234e+002 7.87076904e+002 6.53727234e+002</data></proj_pts>
</opencv_storage>
