<?xml version="1.0"?>
<opencv_storage>
<!-- random blobs in camera coordinate system -->
<cam_pts type_id="opencv-matrix">
  <rows>199</rows>
  <cols>2</cols>
  <dt>f</dt>
  <data>
    6.54519653e+002 9.27630798e+002 6.08116882e+002 9.32950684e+002
    5.61153625e+002 9.37604126e+002 5.13668762e+002 9.41863464e+002
    4.65858185e+002 9.45607605e+002 4.17659393e+002 9.48656189e+002
    3.69477417e+002 9.51509216e+002 3.21751617e+002 9.53791992e+002
    2.73676880e+002 9.55216858e+002 2.26482162e+002 9.56213562e+002
    1.80891037e+002 9.57105530e+002 1.36572250e+002 9.57523621e+002
    9.35377426e+001 9.57332458e+002 5.32784271e+001 9.57121460e+002
    6.50177185e+002 8.93493103e+002 6.03369141e+002 8.97810303e+002
    5.55517883e+002 9.01802124e+002 5.07109924e+002 9.05115906e+002
    4.58322540e+002 9.07786255e+002 4.09092773e+002 9.10072876e+002
    3.59600647e+002 9.11611511e+002 3.10433105e+002 9.12711426e+002
    2.61418030e+002 9.13115540e+002 2.12937134e+002 9.12962280e+002
    1.66200821e+002 9.12453125e+002 1.19860252e+002 9.10631348e+002
    7.54334793e+001 9.09211548e+002 3.37077827e+001 9.07498840e+002
    6.47825378e+002 8.58306274e+002 6.00041321e+002 8.61786804e+002
    5.51485291e+002 8.64566101e+002 5.02268311e+002 8.67087402e+002
    4.52541870e+002 8.68766724e+002 4.02431854e+002 8.70076050e+002
    3.51944031e+002 8.70545837e+002 3.01338318e+002 8.70566345e+002
    2.51503159e+002 8.69919373e+002 2.02007965e+002 8.68245117e+002
    1.53667999e+002 8.66078003e+002 1.06405365e+002 8.63331482e+002
    6.05603523e+001 8.60024292e+002 1.69093094e+001 8.56222351e+002
    6.46833984e+002 8.21724304e+002 5.98327820e+002 8.24205444e+002
    5.48921997e+002 8.26241577e+002 4.98722412e+002 8.27514648e+002
    4.48468964e+002 8.28267212e+002 3.97549805e+002 8.28470459e+002
    3.45915253e+002 8.27754822e+002 2.94453247e+002 8.26600159e+002
    2.43367432e+002 8.24680298e+002 1.93064972e+002 8.21776184e+002
    1.43350204e+002 8.18244080e+002 9.49101791e+001 8.13966736e+002
    4.79175072e+001 8.09063293e+002 6.47057556e+002 7.84006348e+002
    5.98289063e+002 7.85491089e+002 5.48147522e+002 7.86383606e+002
    4.97372772e+002 7.86646545e+002 4.45911591e+002 7.86307922e+002
    3.93992432e+002 7.85493164e+002 3.41696167e+002 7.83580261e+002
    2.89496704e+002 7.81028259e+002 2.37560638e+002 7.77827759e+002
    1.85820740e+002 7.73559631e+002 1.35455490e+002 7.68678833e+002
    8.61959381e+001 7.62979004e+002 6.48771057e+002 7.45145386e+002
    5.99466003e+002 7.45499329e+002 5.48976196e+002 7.45256958e+002
    4.97412872e+002 7.44372803e+002 4.45237946e+002 7.43019531e+002
    3.92753052e+002 7.40751831e+002 3.39500183e+002 7.37823486e+002
    2.86518005e+002 7.34208069e+002 2.33642334e+002 7.29318054e+002
    1.81105789e+002 7.23976868e+002 1.29735535e+002 7.17504272e+002
    7.95854797e+001 7.10315430e+002 3.09925098e+001 7.01985107e+002
    6.51931763e+002 7.05145203e+002 6.02243896e+002 7.04349731e+002
    5.51196899e+002 7.02873840e+002 4.99161133e+002 7.00865234e+002
    4.46312927e+002 6.98100586e+002 3.92963531e+002 6.94763000e+002
    3.39061340e+002 6.90339661e+002 2.85448700e+002 6.85432617e+002
    2.31765762e+002 6.79330261e+002 1.78413803e+002 6.72335876e+002
    1.26628632e+002 6.64565491e+002 7.60034485e+001 6.55497864e+002
    2.65876961e+001 6.45879883e+002 6.56613525e+002 6.64055603e+002
    6.06408569e+002 6.62012512e+002 5.55064026e+002 6.59353516e+002
    5.02672058e+002 6.56084045e+002 4.49395416e+002 6.52059265e+002
    3.95619659e+002 6.47282227e+002 3.40973969e+002 6.41818176e+002
    2.86520691e+002 6.35394531e+002 2.32636459e+002 6.28070984e+002
    1.78791321e+002 6.19664734e+002 1.26043770e+002 6.10160583e+002
    7.45751114e+001 5.99938416e+002 2.47020130e+001 5.88159241e+002
    6.62898315e+002 6.22015625e+002 6.12512695e+002 6.18668945e+002
    5.60727722e+002 6.14721863e+002 5.07920380e+002 6.10109314e+002
    4.54330963e+002 6.04785889e+002 3.99975464e+002 5.98720093e+002
    3.44897217e+002 5.91735962e+002 2.89934235e+002 5.83878906e+002
    2.35262192e+002 5.75086182e+002 1.81044479e+002 5.65287415e+002
    1.28008011e+002 5.54336182e+002 7.63910217e+001 5.42223816e+002
    2.62959423e+001 5.29410156e+002 6.70782776e+002 5.79026550e+002
    6.20135864e+002 5.74355042e+002 5.68052979e+002 5.69055603e+002
    5.14898865e+002 5.62998291e+002 4.60985413e+002 5.56383423e+002
    4.06395599e+002 5.48774902e+002 3.51075775e+002 5.40436951e+002
    2.95746155e+002 5.31113159e+002 2.40680038e+002 5.20899170e+002
    1.86306839e+002 5.09582947e+002 1.33253815e+002 4.97087524e+002
    8.12054977e+001 4.83897675e+002 3.08962059e+001 4.68955566e+002
    6.80202454e+002 5.35316284e+002 6.29522522e+002 5.29241394e+002
    5.77206543e+002 5.22503418e+002 5.23942505e+002 5.15031128e+002
    4.69726776e+002 5.06883942e+002 4.14977600e+002 4.97940796e+002
    3.59643951e+002 4.87939087e+002 3.03956421e+002 4.77251282e+002
    2.48990494e+002 4.65493561e+002 1.94456314e+002 4.52760559e+002
    1.40966812e+002 4.38581329e+002 8.91731796e+001 4.23793945e+002
    3.93205833e+001 4.06823212e+002 6.91552368e+002 4.90941528e+002
    6.40478821e+002 4.83541626e+002 5.88202820e+002 4.75330475e+002
    5.34925781e+002 4.66359711e+002 4.80694763e+002 4.56737091e+002
    4.25766754e+002 4.46166718e+002 3.70248993e+002 4.34825928e+002
    3.14725403e+002 4.22400757e+002 2.59754089e+002 4.09163940e+002
    2.05290375e+002 3.94969604e+002 1.52024017e+002 3.79465027e+002
    1.00464073e+002 3.62532257e+002 5.11406288e+001 3.44430542e+002
    7.04750549e+002 4.45933502e+002 6.53598999e+002 4.37202545e+002
    6.01307800e+002 4.27477417e+002 5.47880310e+002 4.17166870e+002
    4.93680054e+002 4.05911621e+002 4.39037354e+002 3.94041656e+002
    3.83643707e+002 3.81038483e+002 3.28234680e+002 3.67029846e+002
    2.73295319e+002 3.52262787e+002 2.19211014e+002 3.36363983e+002
    1.66542633e+002 3.19585541e+002 1.15737656e+002 3.00868286e+002
    6.70346375e+001 2.81546600e+002 2.17705059e+001 2.59310669e+002
    7.19232788e+002 4.01008942e+002 6.68681641e+002 3.90757172e+002
    6.16590637e+002 3.79497894e+002 5.63204956e+002 3.67658539e+002
    5.08972992e+002 3.55166840e+002 4.54617615e+002 3.41372528e+002
    3.99514374e+002 3.26731628e+002 3.44364532e+002 3.11228363e+002
    2.90018188e+002 2.95014954e+002 2.36114807e+002 2.77467468e+002
    1.83967438e+002 2.58948486e+002 1.33721848e+002 2.39172775e+002
    8.65004349e+001 2.17286194e+002 4.27624741e+001 1.93937332e+002
    7.35964172e+002 3.55862915e+002 6.85513367e+002 3.43959747e+002
    6.33687744e+002 3.31331421e+002 5.80921326e+002 3.17801697e+002
    5.27222595e+002 3.03494690e+002 4.73042877e+002 2.88331268e+002
    4.18174316e+002 2.72210175e+002 3.63864929e+002 2.55187271e+002
    3.10055725e+002 2.37392395e+002 2.57162781e+002 2.18353790e+002
    2.06173798e+002 1.98291626e+002 1.56675507e+002 1.76934128e+002
    1.10845596e+002 1.53276352e+002</data></cam_pts>
<!-- blobs in projector coordinate system -->
