<?xml version="1.0"?>
<opencv_storage>
<!-- random blobs in camera coordinate system -->
<cam_pts type_id="opencv-matrix">
  <rows>85</rows>
  <cols>2</cols>
  <dt>f</dt>
  <data>
    7.85163391e+002 1.87139648e+002 7.49549194e+002 2.46541870e+002
    7.21235718e+002 3.08314117e+002 6.96807983e+002 3.72378235e+002
    6.75633911e+002 4.37217621e+002 6.56930481e+002 5.02392578e+002
    6.42724915e+002 5.67919189e+002 6.31026001e+002 6.32825806e+002
    6.22491882e+002 6.97017151e+002 6.17966309e+002 7.60299316e+002
    7.41425720e+002 1.68713196e+002 7.05156921e+002 2.30505188e+002
    6.76250671e+002 2.94046814e+002 6.51416870e+002 3.60099701e+002
    6.30056824e+002 4.27251495e+002 6.11781128e+002 4.94397644e+002
    5.97309814e+002 5.61815857e+002 5.85876160e+002 6.28533447e+002
    5.77868713e+002 6.94464600e+002 5.74128967e+002 7.59520996e+002
    6.97392944e+002 1.50508347e+002 6.60226257e+002 2.14023849e+002
    6.30188416e+002 2.79892670e+002 6.04690491e+002 3.48039886e+002
    5.83169800e+002 4.17339203e+002 5.65133179e+002 4.86884735e+002
    5.50647888e+002 5.56102966e+002 5.39735840e+002 6.24785217e+002
    5.32546265e+002 6.92617432e+002 5.29891968e+002 7.59108704e+002
    6.53004883e+002 1.32633621e+002 6.14194580e+002 1.98146820e+002
    5.83044373e+002 2.66099030e+002 5.56885254e+002 3.36290375e+002
    5.35089783e+002 4.07769135e+002 5.17167358e+002 4.79416779e+002
    5.02989594e+002 5.50764771e+002 4.92738647e+002 6.21598694e+002
    4.86640808e+002 6.91413391e+002 4.85064087e+002 7.60092590e+002
    6.08476807e+002 1.15011299e+002 5.67479614e+002 1.82347031e+002
    5.35011292e+002 2.53305374e+002 5.08161591e+002 3.24941132e+002
    4.86064240e+002 3.98516632e+002 4.68214447e+002 4.72516785e+002
    4.54584625e+002 5.46139282e+002 4.45204681e+002 6.19074402e+002
    4.40580017e+002 6.90464661e+002 4.40098999e+002 7.62143738e+002
    5.64360779e+002 1.00343918e+002 5.64301514e+002 1.00318275e+002
    4.86303680e+002 2.39559555e+002 4.58825989e+002 3.14196808e+002
    4.36326477e+002 3.89957214e+002 4.18724945e+002 4.66244690e+002
    4.05625214e+002 5.42249573e+002 3.97270050e+002 6.17317139e+002
    3.93607422e+002 6.91235413e+002 3.95317902e+002 7.65239014e+002
    4.73595001e+002 1.52202011e+002 4.37266174e+002 2.26835190e+002
    4.08748596e+002 3.04027802e+002 3.86345764e+002 3.82301697e+002
    3.69097534e+002 4.60739136e+002 3.56541931e+002 5.39020996e+002
    3.49113647e+002 6.16580688e+002 3.46957489e+002 6.93677368e+002
    3.51486206e+002 7.70501770e+002 3.88525452e+002 2.15262802e+002
    3.58487427e+002 2.94380524e+002 3.35452393e+002 3.75228821e+002
    3.18262848e+002 4.56409210e+002 3.06825897e+002 5.37334534e+002
    3.00947357e+002 6.17521057e+002 3.01116425e+002 6.97440674e+002
    3.09358032e+002 7.78330383e+002 3.09166260e+002 2.86811127e+002
    2.85207855e+002 3.69662537e+002 2.68240662e+002 4.53682953e+002
    2.57850677e+002 5.37213562e+002 2.54266144e+002 6.20924316e+002
    2.57923248e+002 7.05008789e+002 2.21651276e+002 4.53923248e+002
    2.12589340e+002 5.40631470e+002</data></cam_pts>
<!-- blobs in projector coordinate system -->
<proj_pts type_id="opencv-matrix">
  <rows>85</rows>
  <cols>2</cols>
  <dt>f</dt>
  <data>
    2.95153839e+002 7.26363602e+001 3.93538452e+002 7.26363602e+001
    4.91923065e+002 7.26363602e+001 5.90307678e+002 7.26363602e+001
    6.88692261e+002 7.26363602e+001 7.87076904e+002 7.26363602e+001
    8.85461548e+002 7.26363602e+001 9.83846130e+002 7.26363602e+001
    1.08223071e+003 7.26363602e+001 1.18061536e+003 7.26363602e+001
    2.95153839e+002 1.45272720e+002 3.93538452e+002 1.45272720e+002
    4.91923065e+002 1.45272720e+002 5.90307678e+002 1.45272720e+002
    6.88692261e+002 1.45272720e+002 7.87076904e+002 1.45272720e+002
    8.85461548e+002 1.45272720e+002 9.83846130e+002 1.45272720e+002
    1.08223071e+003 1.45272720e+002 1.18061536e+003 1.45272720e+002
    2.95153839e+002 2.17909088e+002 3.93538452e+002 2.17909088e+002
    4.91923065e+002 2.17909088e+002 5.90307678e+002 2.17909088e+002
    6.88692261e+002 2.17909088e+002 7.87076904e+002 2.17909088e+002
    8.85461548e+002 2.17909088e+002 9.83846130e+002 2.17909088e+002
    1.08223071e+003 2.17909088e+002 1.18061536e+003 2.17909088e+002
    2.95153839e+002 2.90545441e+002 3.93538452e+002 2.90545441e+002
    4.91923065e+002 2.90545441e+002 5.90307678e+002 2.90545441e+002
    6.88692261e+002 2.90545441e+002 7.87076904e+002 2.90545441e+002
    8.85461548e+002 2.90545441e+002 9.83846130e+002 2.90545441e+002
    1.08223071e+003 2.90545441e+002 1.18061536e+003 2.90545441e+002
    2.95153839e+002 3.63181793e+002 3.93538452e+002 3.63181793e+002
    4.91923065e+002 3.63181793e+002 5.90307678e+002 3.63181793e+002
    6.88692261e+002 3.63181793e+002 7.87076904e+002 3.63181793e+002
    8.85461548e+002 3.63181793e+002 9.83846130e+002 3.63181793e+002
    1.08223071e+003 3.63181793e+002 1.18061536e+003 3.63181793e+002
    2.95153839e+002 4.35818176e+002 3.93538452e+002 4.35818176e+002
    4.91923065e+002 4.35818176e+002 5.90307678e+002 4.35818176e+002
    6.88692261e+002 4.35818176e+002 7.87076904e+002 4.35818176e+002
    8.85461548e+002 4.35818176e+002 9.83846130e+002 4.35818176e+002
    1.08223071e+003 4.35818176e+002 1.18061536e+003 4.35818176e+002
    3.93538452e+002 5.08454529e+002 4.91923065e+002 5.08454529e+002
    5.90307678e+002 5.08454529e+002 6.88692261e+002 5.08454529e+002
    7.87076904e+002 5.08454529e+002 8.85461548e+002 5.08454529e+002
    9.83846130e+002 5.08454529e+002 1.08223071e+003 5.08454529e+002
    1.18061536e+003 5.08454529e+002 4.91923065e+002 5.81090881e+002
    5.90307678e+002 5.81090881e+002 6.88692261e+002 5.81090881e+002
    7.87076904e+002 5.81090881e+002 8.85461548e+002 5.81090881e+002
    9.83846130e+002 5.81090881e+002 1.08223071e+003 5.81090881e+002
    1.18061536e+003 5.81090881e+002 5.90307678e+002 6.53727234e+002
    6.88692261e+002 6.53727234e+002 7.87076904e+002 6.53727234e+002
    8.85461548e+002 6.53727234e+002 9.83846130e+002 6.53727234e+002
    1.08223071e+003 6.53727234e+002 7.87076904e+002 7.26363586e+002
    8.85461548e+002 7.26363586e+002</data></proj_pts>
</opencv_storage>
