<?xml version="1.0"?>
<opencv_storage>
<nrofframes>15</nrofframes>
<image_width>1280</image_width>
<image_height>800</image_height>
<board_width>10</board_width>
<board_height>8</board_height>
<square_size>1</square_size>
<camera_matrix type_id="opencv-matrix">
  <rows>3</rows>
  <cols>3</cols>
  <dt>d</dt>
  <data>
    1.4298565059305215e+003 0. 6.2040940614350745e+002 0.
    1.4350248497893215e+003 7.6977310311393603e+002 0. 0. 1.</data></camera_matrix>
<distortion_coefficients type_id="opencv-matrix">
  <rows>5</rows>
  <cols>1</cols>
  <dt>d</dt>
  <data>
    9.1345187385197438e-002 -2.3834101072398559e-001
    -2.6568051672402429e-003 5.3918250421582442e-003
    1.4771511175975874e-001</data></distortion_coefficients>
<reprojection_error>3.8519272208213806e-001</reprojection_error>
<!-- a set of 6-tuples (rotation vector + translation vector) for each view -->
<extrinsic_parameters type_id="opencv-matrix">
  <rows>15</rows>
  <cols>6</cols>
  <dt>d</dt>
  <data>
    -1.2006178631533902e-001 -1.7746011387332030e-002
    -1.1807202197315890e-002 -9.1093363580420554e+000
    -1.5175480793505894e+001 1.7732062649812313e+001
    -7.8966280434907804e-002 -2.9863940612297318e-001
    -5.9801530975571199e-002 -8.8433689687553869e+000
    -1.5417084433711667e+001 1.6006512714329364e+001
    -1.4262285607952802e-001 2.2727820391883338e-001
    6.3547478532145207e-002 -8.1670115584425709e+000
    -1.5980270127648202e+001 1.9646573276132244e+001
    -1.0742797032201581e-001 -3.0885887088785442e-002
    -1.2690852147463867e-002 -9.5016276930661316e+000
    -1.5062455627031342e+001 1.4446021201457903e+001
    -1.4304120866790673e-001 -3.8982909581454950e-001
    -8.1301522645828794e-002 -8.6196455131477308e+000
    -1.3845504230924163e+001 1.1073531262831766e+001
    -1.0559064613157333e-001 -4.0719043653514519e-001
    -8.4397336651760385e-002 -7.9348605973542625e+000
    -1.4002278869054637e+001 1.2591416382232161e+001
    -1.2471185296474588e-001 -5.5909885890555588e-001
    -8.8443325042948301e-002 -6.4104746037901066e+000
    -1.4574830546997532e+001 1.2235595095187934e+001
    2.4720435846945923e-001 -4.7150336860607114e-002
    4.8361315876596346e-002 -8.4547883185872230e+000
    -1.5009111449758853e+001 1.4506288736209290e+001
    2.9223781555094525e-001 -3.7196212401820972e-002
    3.8421302506786645e-002 -1.0077674822264534e+001
    -1.4519964461630819e+001 1.3906843137122811e+001
    3.0500230298271552e-001 7.6309058847244038e-002
    3.5119867838890900e-002 -9.8386943024951741e+000
    -1.5519582477162286e+001 1.6886783705301678e+001
    4.6830497329958316e-002 2.4487890621488762e-001
    9.0743823570281115e-002 -9.6490396499373041e+000
    -1.6065675559911867e+001 1.7684576629032819e+001
    9.1547434076813913e-002 -4.3199092832129099e-001
    -6.4445545104271168e-002 -6.5525534857862491e+000
    -1.4478887414961415e+001 1.2579699315763211e+001
    -1.3265828083265235e-001 -4.6354531190839676e-001
    -6.2287012365677380e-002 -6.3921902214275068e+000
    -1.5200292870561329e+001 1.5133833380946074e+001
    -6.1671004844323543e-002 1.1425912123757304e-001
    9.7461735271857329e-003 -1.0693635212750701e+001
    -1.6111611094068262e+001 1.9872798087899891e+001
    -3.8958850127928041e-001 -2.7985339088536987e-001
    -9.6098814516463668e-002 -8.9695026216655620e+000
    -1.4493095742025700e+001 1.7840868211521020e+001</data></extrinsic_parameters>
</opencv_storage>
