<?xml version="1.0"?>
<opencv_storage>
<!-- random blobs in camera coordinate system -->
<cam_pts type_id="opencv-matrix">
  <rows>139</rows>
  <cols>2</cols>
  <dt>f</dt>
  <data>
    1.04449426e+003 2.95675201e+002 9.94988159e+002 2.82027069e+002
    9.43753906e+002 2.71604156e+002 8.91608704e+002 2.63739960e+002
    8.39238892e+002 2.58628906e+002 7.86081421e+002 2.56294189e+002
    7.32437622e+002 2.56538879e+002 6.78761292e+002 2.59507416e+002
    6.25327271e+002 2.65117950e+002 5.71906860e+002 2.73201385e+002
    5.19290161e+002 2.83856476e+002 4.67095856e+002 2.97259583e+002
    4.15992035e+002 3.12935913e+002 3.65908722e+002 3.30808075e+002
    3.17235413e+002 3.51166016e+002 2.69957245e+002 3.73731262e+002
    2.24275223e+002 3.99226715e+002 1.80350327e+002 4.27300690e+002
    1.05541760e+003 2.61811340e+002 1.00358209e+003 2.46887314e+002
    9.50746338e+002 2.35485977e+002 8.96857910e+002 2.26925949e+002
    8.42302979e+002 2.21233185e+002 7.87214600e+002 2.18380539e+002
    7.31669373e+002 2.18459808e+002 6.76009888e+002 2.21413437e+002
    6.20584961e+002 2.27152527e+002 5.65279907e+002 2.35520432e+002
    5.10723969e+002 2.46850281e+002 4.56693665e+002 2.60798981e+002
    4.03604919e+002 2.77291290e+002 3.51900574e+002 2.96198547e+002
    3.01580658e+002 3.17677856e+002 2.52714386e+002 3.41674896e+002
    2.05546341e+002 3.68551697e+002 1.60671036e+002 3.98391235e+002
    1.06650110e+003 2.27250458e+002 1.01294977e+003 2.11038788e+002
    9.58097595e+002 1.98147186e+002 9.02282410e+002 1.88816589e+002
    8.45673889e+002 1.82396805e+002 7.88471741e+002 1.79082733e+002
    7.30933655e+002 1.79035156e+002 6.73181274e+002 1.82003372e+002
    6.15657532e+002 1.87934219e+002 5.58227356e+002 1.96359650e+002
    5.01573792e+002 2.08541809e+002 4.45574982e+002 2.23126434e+002
    3.90655060e+002 2.40720337e+002 3.37149567e+002 2.60693512e+002
    2.85162567e+002 2.83520752e+002 2.34611725e+002 3.09063812e+002
    1.86161499e+002 3.37820557e+002 1.39590317e+002 3.69335602e+002
    1.07850757e+003 1.92454071e+002 1.02303394e+003 1.74376740e+002
    9.65584167e+002 1.60428070e+002 9.08190308e+002 1.49751221e+002
    8.49434998e+002 1.42637222e+002 7.90108948e+002 1.38736420e+002
    7.30251526e+002 1.38511154e+002 6.70223755e+002 1.41277557e+002
    6.10492493e+002 1.47444061e+002 5.50974854e+002 1.56584106e+002
    4.92143707e+002 1.69096970e+002 4.34146484e+002 1.84624802e+002
    3.77153809e+002 2.03118301e+002 3.21588593e+002 2.24311005e+002
    2.67847260e+002 2.48451767e+002 2.15841110e+002 2.75870605e+002
    1.65597290e+002 3.06330566e+002 1.17397232e+002 3.40577423e+002
    1.09099536e+003 1.56974350e+002 1.03330713e+003 1.36957184e+002
    9.74749634e+002 1.21415520e+002 9.14441406e+002 1.09733414e+002
    8.53336731e+002 1.01803993e+002 7.91775146e+002 9.70074310e+001
    7.29613647e+002 9.65849991e+001 6.67345520e+002 9.91958771e+001
    6.05160339e+002 1.05473389e+002 5.43224243e+002 1.15067307e+002
    4.82153809e+002 1.28306198e+002 4.21927521e+002 1.44657379e+002
    3.62949493e+002 1.64287582e+002 3.05252777e+002 1.86848053e+002
    2.49505722e+002 2.12893387e+002 1.95671036e+002 2.42003143e+002
    1.43868469e+002 2.74881012e+002 9.43860703e+001 3.11635590e+002
    1.10588916e+003 1.21235718e+002 1.04550525e+003 9.92536240e+001
    9.84309143e+002 8.20241318e+001 9.21775085e+002 6.86327896e+001
    8.58144470e+002 5.94822998e+001 7.93942749e+002 5.43005142e+001
    7.29196167e+002 5.32888718e+001 6.64144958e+002 5.57386513e+001
    5.99493713e+002 6.22795143e+001 5.35100098e+002 7.22748184e+001
    4.71599304e+002 8.62262039e+001 4.09124359e+002 1.03787376e+002
    3.47722717e+002 1.24528320e+002 2.87981445e+002 1.48603195e+002
    2.30164856e+002 1.76692688e+002 1.74554443e+002 2.08130402e+002
    1.20651566e+002 2.43538055e+002 6.99193802e+001 2.83385040e+002
    1.12180933e+003 8.63080597e+001 1.05820154e+003 6.13864441e+001
    9.94881531e+002 4.20289421e+001 9.29042847e+002 2.66286488e+001
    8.63108276e+002 1.62970905e+001 7.95916992e+002 1.06216936e+001
    7.28482178e+002 8.94338512e+000 6.61257507e+002 1.13469038e+001
    5.93896057e+002 1.81526985e+001 5.26760742e+002 2.85168934e+001
    4.60722107e+002 4.33325615e+001 3.95715851e+002 6.20531883e+001
    3.31757874e+002 8.38408127e+001 2.69601135e+002 1.09944466e+002
    2.10027740e+002 1.40303955e+002 1.52414398e+002 1.74347687e+002
    9.63308334e+001 2.12575150e+002 4.35894165e+001 2.55858353e+002
    1.07375146e+003 2.33979321e+001 3.80879700e+002 1.92494507e+001
    3.14746185e+002 4.29573631e+001 2.50439789e+002 7.08985367e+001
    1.88039398e+002 1.03561127e+002 1.27958809e+002 1.40325729e+002
    7.03849945e+001 1.82445847e+002 1.57298861e+001 2.30580246e+002
    2.29177094e+002 3.15520458e+001 1.64498444e+002 6.74158325e+001
    1.01890961e+002 1.07665573e+002 4.19811020e+001 1.54161011e+002
    1.39388321e+002 3.17666340e+001</data></cam_pts>
<!-- blobs in projector coordinate system -->
