<?xml version="1.0"?>
<opencv_storage>
<!-- random blobs in camera coordinate system -->
<cam_pts type_id="opencv-matrix">
  <rows>79</rows>
  <cols>2</cols>
  <dt>f</dt>
  <data>
    2.76751892e+002 5.47785828e+002 3.45626953e+002 5.68903870e+002
    4.14850067e+002 5.81816956e+002 4.85007385e+002 5.89639648e+002
    5.55631165e+002 5.93067810e+002 6.26165405e+002 5.92850159e+002
    6.96233582e+002 5.89452942e+002 7.65407776e+002 5.82945740e+002
    8.33202271e+002 5.73464417e+002 8.99223694e+002 5.60510376e+002
    9.63355347e+002 5.43015320e+002 2.69085205e+002 5.92468445e+002
    3.40057037e+002 6.14852173e+002 4.11711334e+002 6.28522522e+002
    4.84086029e+002 6.36587097e+002 5.56969116e+002 6.39978943e+002
    6.29748169e+002 6.39628418e+002 7.01835632e+002 6.35810608e+002
    7.72890991e+002 6.28707214e+002 8.42594727e+002 6.18412598e+002
    9.10222595e+002 6.04124146e+002 9.76352539e+002 5.85050476e+002
    2.61089539e+002 6.37236450e+002 3.35002167e+002 6.61341980e+002
    4.09276886e+002 6.76059875e+002 4.83317230e+002 6.84604065e+002
    5.58633484e+002 6.88310120e+002 6.33561218e+002 6.87745483e+002
    7.07899048e+002 6.83387695e+002 7.81092712e+002 6.75491211e+002
    8.52567749e+002 6.63901978e+002 9.21400024e+002 6.48173035e+002
    9.89735168e+002 6.27159180e+002 2.52732895e+002 6.81064453e+002
    3.29114380e+002 7.08338196e+002 4.06150635e+002 7.24176514e+002
    4.82936615e+002 7.33413147e+002 5.60484375e+002 7.37401489e+002
    6.37866943e+002 7.36690430e+002 7.14606934e+002 7.31720154e+002
    7.89821411e+002 7.22911926e+002 8.63313232e+002 7.09976501e+002
    9.34561584e+002 6.92396667e+002 1.00478455e+003 6.69134033e+002
    3.23562592e+002 7.55330994e+002 4.03071808e+002 7.73064941e+002
    4.83550201e+002 7.82832031e+002 5.62936890e+002 7.87170288e+002
    6.42740540e+002 7.86348816e+002 7.21748535e+002 7.80705261e+002
    7.99208069e+002 7.70635864e+002 8.74308960e+002 7.56097168e+002
    9.48329407e+002 7.36453796e+002 1.02082269e+003 7.09990845e+002
    3.18256927e+002 8.01287048e+002 4.00136353e+002 8.21839355e+002
    4.82993011e+002 8.33072937e+002 5.65984741e+002 8.37201538e+002
    6.48089111e+002 8.35836609e+002 7.29404236e+002 8.29793823e+002
    8.09130310e+002 8.18549561e+002 8.87257629e+002 8.02234680e+002
    9.63337463e+002 7.79846619e+002 1.03850903e+003 7.48918579e+002
    3.97459778e+002 8.69695618e+002 4.83159973e+002 8.83077087e+002
    5.69087036e+002 8.88185608e+002 6.54168640e+002 8.86756714e+002
    7.38237793e+002 8.79300049e+002 8.20595581e+002 8.66601807e+002
    9.01003174e+002 8.47658081e+002 9.80357056e+002 8.21577209e+002
    4.83874542e+002 9.31309082e+002 6.61106812e+002 9.36405396e+002
    7.48098022e+002 9.27984436e+002 8.33063721e+002 9.13053955e+002
    9.16869995e+002 8.90660889e+002 6.68656189e+002 9.82954163e+002
    7.59030334e+002 9.73412109e+002</data></cam_pts>
<!-- blobs in projector coordinate system -->
<proj_pts type_id="opencv-matrix">
  <rows>79</rows>
  <cols>2</cols>
  <dt>f</dt>
  <data>
    1.96769226e+002 7.26363602e+001 2.95153839e+002 7.26363602e+001
    3.93538452e+002 7.26363602e+001 4.91923065e+002 7.26363602e+001
    5.90307678e+002 7.26363602e+001 6.88692261e+002 7.26363602e+001
    7.87076904e+002 7.26363602e+001 8.85461548e+002 7.26363602e+001
    9.83846130e+002 7.26363602e+001 1.08223071e+003 7.26363602e+001
    1.18061536e+003 7.26363602e+001 1.96769226e+002 1.45272720e+002
    2.95153839e+002 1.45272720e+002 3.93538452e+002 1.45272720e+002
    4.91923065e+002 1.45272720e+002 5.90307678e+002 1.45272720e+002
    6.88692261e+002 1.45272720e+002 7.87076904e+002 1.45272720e+002
    8.85461548e+002 1.45272720e+002 9.83846130e+002 1.45272720e+002
    1.08223071e+003 1.45272720e+002 1.18061536e+003 1.45272720e+002
    1.96769226e+002 2.17909088e+002 2.95153839e+002 2.17909088e+002
    3.93538452e+002 2.17909088e+002 4.91923065e+002 2.17909088e+002
    5.90307678e+002 2.17909088e+002 6.88692261e+002 2.17909088e+002
    7.87076904e+002 2.17909088e+002 8.85461548e+002 2.17909088e+002
    9.83846130e+002 2.17909088e+002 1.08223071e+003 2.17909088e+002
    1.18061536e+003 2.17909088e+002 1.96769226e+002 2.90545441e+002
    2.95153839e+002 2.90545441e+002 3.93538452e+002 2.90545441e+002
    4.91923065e+002 2.90545441e+002 5.90307678e+002 2.90545441e+002
    6.88692261e+002 2.90545441e+002 7.87076904e+002 2.90545441e+002
    8.85461548e+002 2.90545441e+002 9.83846130e+002 2.90545441e+002
    1.08223071e+003 2.90545441e+002 1.18061536e+003 2.90545441e+002
    2.95153839e+002 3.63181793e+002 3.93538452e+002 3.63181793e+002
    4.91923065e+002 3.63181793e+002 5.90307678e+002 3.63181793e+002
    6.88692261e+002 3.63181793e+002 7.87076904e+002 3.63181793e+002
    8.85461548e+002 3.63181793e+002 9.83846130e+002 3.63181793e+002
    1.08223071e+003 3.63181793e+002 1.18061536e+003 3.63181793e+002
    2.95153839e+002 4.35818176e+002 3.93538452e+002 4.35818176e+002
    4.91923065e+002 4.35818176e+002 5.90307678e+002 4.35818176e+002
    6.88692261e+002 4.35818176e+002 7.87076904e+002 4.35818176e+002
    8.85461548e+002 4.35818176e+002 9.83846130e+002 4.35818176e+002
    1.08223071e+003 4.35818176e+002 1.18061536e+003 4.35818176e+002
    3.93538452e+002 5.08454529e+002 4.91923065e+002 5.08454529e+002
    5.90307678e+002 5.08454529e+002 6.88692261e+002 5.08454529e+002
    7.87076904e+002 5.08454529e+002 8.85461548e+002 5.08454529e+002
    9.83846130e+002 5.08454529e+002 1.08223071e+003 5.08454529e+002
    4.91923065e+002 5.81090881e+002 6.88692261e+002 5.81090881e+002
    7.87076904e+002 5.81090881e+002 8.85461548e+002 5.81090881e+002
    9.83846130e+002 5.81090881e+002 6.88692261e+002 6.53727234e+002
    7.87076904e+002 6.53727234e+002</data></proj_pts>
</opencv_storage>
