<?xml version="1.0"?>
<opencv_storage>
<!-- random blobs in camera coordinate system -->
<cam_pts type_id="opencv-matrix">
  <rows>194</rows>
  <cols>2</cols>
  <dt>f</dt>
  <data>
    5.74179138e+002 1.17775902e+002 6.19997375e+002 1.06147964e+002
    6.66709900e+002 9.46214828e+001 7.14182617e+002 8.32309494e+001
    7.61574219e+002 7.24330444e+001 8.09127930e+002 6.19722672e+001
    8.56821106e+002 5.20302353e+001 9.04159729e+002 4.22144012e+001
    9.50982788e+002 3.31104393e+001 9.97429382e+002 2.44600792e+001
    1.04256970e+003 1.58876181e+001 5.83161804e+002 1.50873672e+002
    6.30069397e+002 1.39877350e+002 6.77702271e+002 1.29244843e+002
    7.25981995e+002 1.18944839e+002 7.74634705e+002 1.09026123e+002
    8.23549927e+002 9.93323212e+001 8.72681641e+002 9.03746185e+001
    9.21494141e+002 8.18256836e+001 9.69860657e+002 7.36445694e+001
    1.01737524e+003 6.59613113e+001 1.06397498e+003 5.87036057e+001
    1.10978589e+003 5.22904625e+001 1.15326477e+003 4.58894806e+001
    5.90841858e+002 1.85235733e+002 6.38504211e+002 1.75278915e+002
    6.87154602e+002 1.65546890e+002 7.36404358e+002 1.56122879e+002
    7.86250549e+002 1.47117783e+002 8.36136719e+002 1.38669388e+002
    8.86485474e+002 1.30553192e+002 9.36818787e+002 1.23014244e+002
    9.86493530e+002 1.15911926e+002 1.03574683e+003 1.09737846e+002
    1.08394128e+003 1.03475220e+002 1.13070044e+003 9.83810959e+001
    1.17609790e+003 9.34678497e+001 5.97091980e+002 2.21224136e+002
    6.45354675e+002 2.12291367e+002 6.94867065e+002 2.03590179e+002
    7.45200867e+002 1.95086929e+002 7.96193298e+002 1.87163879e+002
    8.47180115e+002 1.79639954e+002 8.98808594e+002 1.72522003e+002
    9.50453247e+002 1.66327545e+002 1.00121698e+003 1.60486221e+002
    1.05185364e+003 1.55250977e+002 1.10113867e+003 1.50772781e+002
    1.14938831e+003 1.46624893e+002 1.19634277e+003 1.43139328e+002
    6.01466064e+002 2.58679443e+002 6.50900574e+002 2.50796356e+002
    7.01258240e+002 2.43067154e+002 7.52430115e+002 2.35804123e+002
    8.04384827e+002 2.28884750e+002 8.56608337e+002 2.22461273e+002
    9.09305237e+002 2.16673859e+002 9.61789856e+002 2.11514862e+002
    1.01390607e+003 2.06883987e+002 1.06575049e+003 2.03061386e+002
    1.11660938e+003 2.00054169e+002 1.16587744e+003 1.97607224e+002
    1.21357129e+003 1.95485657e+002 1.25905737e+003 1.94675583e+002
    6.04593994e+002 2.97507416e+002 6.54877686e+002 2.90684509e+002
    7.05992920e+002 2.84157166e+002 7.57975708e+002 2.78051300e+002
    8.10656494e+002 2.72339783e+002 8.64035889e+002 2.67162964e+002
    9.17749939e+002 2.62520050e+002 9.71496948e+002 2.58622040e+002
    1.02451770e+003 2.55411987e+002 1.07753394e+003 2.52912659e+002
    1.12925659e+003 2.51174133e+002 1.17974060e+003 2.50425140e+002
    1.22859656e+003 2.50323105e+002 6.05972656e+002 3.37734467e+002
    6.57094116e+002 3.32012482e+002 7.09059326e+002 3.26765747e+002
    7.61811157e+002 3.21822815e+002 8.15353821e+002 3.17463501e+002
    8.69600647e+002 3.13615540e+002 9.24362061e+002 3.10317383e+002
    9.78904846e+002 3.07747681e+002 1.03322266e+003 3.05840607e+002
    1.08690662e+003 3.04957245e+002 1.13961865e+003 3.04677246e+002
    1.19088660e+003 3.05293732e+002 1.24086975e+003 3.07151062e+002
    6.05791443e+002 3.79147186e+002 6.57400757e+002 3.74761505e+002
    7.10383362e+002 3.70652466e+002 7.63837891e+002 3.67131653e+002
    8.18055786e+002 3.64136780e+002 8.72859436e+002 3.61640381e+002
    9.28502380e+002 3.59685760e+002 9.84158203e+002 3.58575165e+002
    1.03923547e+003 3.58341248e+002 1.09385791e+003 3.58844849e+002
    1.14730676e+003 3.60328796e+002 1.19924280e+003 3.62531311e+002
    1.25003564e+003 3.66294556e+002 6.03879211e+002 4.21779358e+002
    6.55987610e+002 4.18729156e+002 7.09557922e+002 4.16066437e+002
    7.63980103e+002 4.13892120e+002 8.18719849e+002 4.12339508e+002
    8.74384949e+002 4.11283234e+002 9.30628845e+002 4.10985962e+002
    9.86706421e+002 4.11375153e+002 1.04259131e+003 4.12387360e+002
    1.09802283e+003 4.14643188e+002 1.15198901e+003 4.17819824e+002
    1.20478308e+003 4.21796814e+002 1.25544983e+003 4.26787048e+002
    6.00159607e+002 4.65467102e+002 6.52848877e+002 4.63859283e+002
    7.06756409e+002 4.62666260e+002 7.61612427e+002 4.62174469e+002
    8.17328491e+002 4.61526184e+002 8.73598022e+002 4.62327606e+002
    9.30161499e+002 4.63664642e+002 9.86933411e+002 4.65656677e+002
    1.04321692e+003 4.68528107e+002 1.09920752e+003 4.72330780e+002
    1.15356763e+003 4.76928375e+002 1.20651062e+003 4.82721619e+002
    1.25756128e+003 4.89803619e+002 5.94211670e+002 5.10192444e+002
    6.47504150e+002 5.10083344e+002 7.01831970e+002 5.10416260e+002
    7.57208374e+002 5.11181885e+002 8.13354675e+002 5.12806580e+002
    8.70322876e+002 5.14968384e+002 9.27296082e+002 5.17762512e+002
    9.84396057e+002 5.21392822e+002 1.04109924e+003 5.26010498e+002
    1.09697266e+003 5.31521118e+002 1.15149927e+003 5.37847412e+002
    1.20459363e+003 5.45461060e+002 1.25552148e+003 5.54831177e+002
    5.86157776e+002 5.55535034e+002 6.39873779e+002 5.57008545e+002
    6.94775757e+002 5.58906799e+002 7.50359680e+002 5.61755066e+002
    8.06863525e+002 5.64657104e+002 8.63895081e+002 5.69015198e+002
    9.21558350e+002 5.73073242e+002 9.78787598e+002 5.78475220e+002
    1.03557214e+003 5.84694885e+002 1.09158569e+003 5.91884216e+002
    1.14611377e+003 6.00488281e+002 1.19892578e+003 6.09996582e+002
    1.24941174e+003 6.21505310e+002 5.76223267e+002 6.01664001e+002
    6.29812134e+002 6.04798828e+002 6.85052368e+002 6.08239990e+002
    7.40717407e+002 6.12713684e+002 7.97565063e+002 6.17615295e+002
    8.54818420e+002 6.23023621e+002 9.12480530e+002 6.29420410e+002
    9.70086670e+002 6.36526245e+002 1.02675256e+003 6.44374329e+002
    1.08256812e+003 6.53915833e+002 1.13670825e+003 6.63749146e+002
    1.18857642e+003 6.75437134e+002 1.23874011e+003 6.88840027e+002
    5.63686462e+002 6.48102112e+002 6.17616211e+002 6.52766602e+002
    6.72634216e+002 6.58183838e+002 7.28656738e+002 6.64185547e+002
    7.85289307e+002 6.71034607e+002 8.42770264e+002 6.78146240e+002
    9.00432556e+002 6.86016846e+002 9.57396973e+002 6.95320618e+002
    1.01414691e+003 7.05018982e+002 1.06939905e+003 7.15840210e+002
    1.12324927e+003 7.28176392e+002 1.17466064e+003 7.41695374e+002
    1.22301013e+003 7.57461670e+002 5.48925964e+002 6.94611511e+002
    6.02572815e+002 7.01193665e+002 6.57700073e+002 7.08248657e+002
    7.13566467e+002 7.16057068e+002 7.70184814e+002 7.24419556e+002
    8.27000671e+002 7.33795044e+002 8.84517883e+002 7.43593201e+002
    9.41197083e+002 7.54256653e+002 9.96932556e+002 7.66242798e+002
    1.05178918e+003 7.78810425e+002 1.10439026e+003 7.92913269e+002
    1.15459827e+003 8.09205566e+002 1.20180737e+003 8.27395752e+002</data></cam_pts>
<!-- blobs in projector coordinate system -->
