<?xml version="1.0"?>
<opencv_storage>
<!-- random blobs in camera coordinate system -->
<cam_pts type_id="opencv-matrix">
  <rows>78</rows>
  <cols>2</cols>
  <dt>f</dt>
  <data>
    6.41033936e+002 7.61497925e+002 6.61933105e+002 6.98214294e+002
    6.80366455e+002 6.32466492e+002 6.96973206e+002 5.65385620e+002
    7.11451477e+002 4.97490143e+002 7.23141846e+002 4.28812103e+002
    7.33039124e+002 3.60202545e+002 7.40005432e+002 2.91944733e+002
    7.43184753e+002 2.24756378e+002 7.40774536e+002 1.57724228e+002
    7.29613892e+002 9.34643631e+001 6.82227661e+002 7.78641602e+002
    7.04508667e+002 7.13704956e+002 7.24045410e+002 6.46636963e+002
    7.41338867e+002 5.77938293e+002 7.56628357e+002 5.08150452e+002
    7.69207947e+002 4.37689148e+002 7.79675049e+002 3.67140503e+002
    7.86808411e+002 2.97500427e+002 7.90146301e+002 2.28057449e+002
    7.87748718e+002 1.59205551e+002 7.23846558e+002 7.97044922e+002
    7.47807556e+002 7.30460022e+002 7.68692261e+002 6.61649475e+002
    7.87111023e+002 5.91217712e+002 8.03081482e+002 5.19730713e+002
    8.16716858e+002 4.47335693e+002 8.27655762e+002 3.74790863e+002
    8.34778076e+002 3.03469208e+002 8.38168335e+002 2.31570175e+002
    8.35158203e+002 1.61100388e+002 7.65989197e+002 8.16452637e+002
    7.91571106e+002 7.46944153e+002 8.14338989e+002 6.77744995e+002
    8.33904968e+002 6.05659363e+002 8.50974670e+002 5.32184937e+002
    8.65321594e+002 4.57914948e+002 8.76477112e+002 3.83414764e+002
    8.83881287e+002 3.09636932e+002 8.87080139e+002 2.36138046e+002
    8.82928894e+002 1.63700287e+002 8.07903076e+002 8.37376160e+002
    8.35870361e+002 7.66385925e+002 8.60070984e+002 6.94383850e+002
    8.81592102e+002 6.21024170e+002 8.99720947e+002 5.45666992e+002
    9.14660461e+002 4.69418091e+002 9.25912659e+002 3.93159790e+002
    9.33833069e+002 3.16908966e+002 9.36216431e+002 2.41558334e+002
    9.29319275e+002 1.70821915e+002 8.49401001e+002 8.59953491e+002
    8.80477051e+002 7.87198547e+002 9.06580872e+002 7.12984741e+002
    9.29323059e+002 6.37079407e+002 9.48590942e+002 5.60172607e+002
    9.64678101e+002 4.82119446e+002 9.76934387e+002 4.03622803e+002
    9.84441589e+002 3.25123138e+002 9.85762756e+002 2.47656464e+002
    8.89328735e+002 8.84713928e+002 9.24159668e+002 8.09791626e+002
    9.53210754e+002 7.33379028e+002 9.77954590e+002 6.55505371e+002
    9.98726563e+002 5.76205322e+002 1.01568732e+003 4.96131958e+002
    1.02792273e+003 4.15626434e+002 1.03479431e+003 3.35224731e+002
    9.66057068e+002 8.34698364e+002 9.98739014e+002 7.55935791e+002
    1.02595959e+003 6.75700745e+002 1.04850732e+003 5.94496826e+002
    1.06606458e+003 5.12002075e+002 1.07847925e+003 4.29189484e+002
    1.04023840e+003 7.80867004e+002 1.07174634e+003 6.98617737e+002
    1.09617322e+003 6.14906738e+002 1.11379883e+003 5.30305359e+002</data></cam_pts>
<!-- blobs in projector coordinate system -->
<proj_pts type_id="opencv-matrix">
  <rows>78</rows>
  <cols>2</cols>
  <dt>f</dt>
  <data>
    9.83846130e+001 7.26363602e+001 1.96769226e+002 7.26363602e+001
    2.95153839e+002 7.26363602e+001 3.93538452e+002 7.26363602e+001
    4.91923065e+002 7.26363602e+001 5.90307678e+002 7.26363602e+001
    6.88692261e+002 7.26363602e+001 7.87076904e+002 7.26363602e+001
    8.85461548e+002 7.26363602e+001 9.83846130e+002 7.26363602e+001
    1.08223071e+003 7.26363602e+001 9.83846130e+001 1.45272720e+002
    1.96769226e+002 1.45272720e+002 2.95153839e+002 1.45272720e+002
    3.93538452e+002 1.45272720e+002 4.91923065e+002 1.45272720e+002
    5.90307678e+002 1.45272720e+002 6.88692261e+002 1.45272720e+002
    7.87076904e+002 1.45272720e+002 8.85461548e+002 1.45272720e+002
    9.83846130e+002 1.45272720e+002 9.83846130e+001 2.17909088e+002
    1.96769226e+002 2.17909088e+002 2.95153839e+002 2.17909088e+002
    3.93538452e+002 2.17909088e+002 4.91923065e+002 2.17909088e+002
    5.90307678e+002 2.17909088e+002 6.88692261e+002 2.17909088e+002
    7.87076904e+002 2.17909088e+002 8.85461548e+002 2.17909088e+002
    9.83846130e+002 2.17909088e+002 9.83846130e+001 2.90545441e+002
    1.96769226e+002 2.90545441e+002 2.95153839e+002 2.90545441e+002
    3.93538452e+002 2.90545441e+002 4.91923065e+002 2.90545441e+002
    5.90307678e+002 2.90545441e+002 6.88692261e+002 2.90545441e+002
    7.87076904e+002 2.90545441e+002 8.85461548e+002 2.90545441e+002
    9.83846130e+002 2.90545441e+002 9.83846130e+001 3.63181793e+002
    1.96769226e+002 3.63181793e+002 2.95153839e+002 3.63181793e+002
    3.93538452e+002 3.63181793e+002 4.91923065e+002 3.63181793e+002
    5.90307678e+002 3.63181793e+002 6.88692261e+002 3.63181793e+002
    7.87076904e+002 3.63181793e+002 8.85461548e+002 3.63181793e+002
    9.83846130e+002 3.63181793e+002 9.83846130e+001 4.35818176e+002
    1.96769226e+002 4.35818176e+002 2.95153839e+002 4.35818176e+002
    3.93538452e+002 4.35818176e+002 4.91923065e+002 4.35818176e+002
    5.90307678e+002 4.35818176e+002 6.88692261e+002 4.35818176e+002
    7.87076904e+002 4.35818176e+002 8.85461548e+002 4.35818176e+002
    9.83846130e+001 5.08454529e+002 1.96769226e+002 5.08454529e+002
    2.95153839e+002 5.08454529e+002 3.93538452e+002 5.08454529e+002
    4.91923065e+002 5.08454529e+002 5.90307678e+002 5.08454529e+002
    6.88692261e+002 5.08454529e+002 7.87076904e+002 5.08454529e+002
    1.96769226e+002 5.81090881e+002 2.95153839e+002 5.81090881e+002
    3.93538452e+002 5.81090881e+002 4.91923065e+002 5.81090881e+002
    5.90307678e+002 5.81090881e+002 6.88692261e+002 5.81090881e+002
    2.95153839e+002 6.53727234e+002 3.93538452e+002 6.53727234e+002
    4.91923065e+002 6.53727234e+002 5.90307678e+002 6.53727234e+002</data></proj_pts>
</opencv_storage>
