<?xml version="1.0"?>
<opencv_storage>
<!-- random blobs in camera coordinate system -->
<cam_pts type_id="opencv-matrix">
  <rows>82</rows>
  <cols>2</cols>
  <dt>f</dt>
  <data>
    2.77907257e+002 5.49160767e+002 3.46648987e+002 5.70019409e+002
    4.15726349e+002 5.83009949e+002 4.85783173e+002 5.90712769e+002
    5.56364807e+002 5.93976379e+002 6.26739929e+002 5.93825867e+002
    6.96655884e+002 5.90438538e+002 7.65699402e+002 5.83890320e+002
    8.33359741e+002 5.74416382e+002 8.99197144e+002 5.61385986e+002
    9.63344971e+002 5.44034241e+002 2.70277008e+002 5.93772522e+002
    3.41240723e+002 6.15922791e+002 4.12669342e+002 6.29543274e+002
    4.84844788e+002 6.37528259e+002 5.57683960e+002 6.40914612e+002
    6.30240845e+002 6.40449829e+002 7.02198303e+002 6.36743103e+002
    7.73245972e+002 6.29604553e+002 8.42720886e+002 6.19197266e+002
    9.10242004e+002 6.04971252e+002 9.76289856e+002 5.86036133e+002
    2.62577148e+002 6.38491577e+002 3.36116638e+002 6.62454712e+002
    4.10043640e+002 6.77054871e+002 4.84192505e+002 6.85453674e+002
    5.59273987e+002 6.89090515e+002 6.34124207e+002 6.88452576e+002
    7.08371582e+002 6.84132935e+002 7.81358337e+002 6.76258301e+002
    8.52714050e+002 6.64699463e+002 9.21682739e+002 6.49000366e+002
    9.89806580e+002 6.27867798e+002 2.54226410e+002 6.82120239e+002
    3.30381744e+002 7.09324097e+002 4.07193207e+002 7.24935425e+002
    4.83750946e+002 7.34155884e+002 5.61270386e+002 7.38131653e+002
    6.38547302e+002 7.37293762e+002 7.14983032e+002 7.32419922e+002
    7.90088684e+002 7.23531189e+002 8.63349365e+002 7.10604675e+002
    9.34277283e+002 6.93010803e+002 1.00467554e+003 6.69799683e+002
    2.49410751e+002 7.25020874e+002 3.24786743e+002 7.56095337e+002
    4.04213440e+002 7.73733398e+002 4.83998077e+002 7.83548584e+002
    5.63691040e+002 7.87836670e+002 6.43359863e+002 7.86901062e+002
    7.22206055e+002 7.81284973e+002 7.99447632e+002 7.71268066e+002
    8.74334717e+002 7.56564026e+002 9.48366577e+002 7.37053650e+002
    1.02055280e+003 7.10632568e+002 3.19392334e+002 8.02003296e+002
    4.01217896e+002 8.22481628e+002 4.83882355e+002 8.33605896e+002
    5.66695129e+002 8.37772522e+002 6.48767883e+002 8.36199829e+002
    7.29771973e+002 8.30047363e+002 8.09329712e+002 8.18950867e+002
    8.87418274e+002 8.02649048e+002 9.63288513e+002 7.80378784e+002
    1.03815381e+003 7.49464539e+002 3.98547974e+002 8.70123291e+002
    4.84160431e+002 8.83417114e+002 5.69827515e+002 8.88510498e+002
    6.54780396e+002 8.86861694e+002 7.38692749e+002 8.79630188e+002
    8.20689697e+002 8.66833435e+002 9.01241577e+002 8.48093567e+002
    9.80215210e+002 8.21873474e+002 4.85067505e+002 9.31548523e+002
    5.73776733e+002 9.37972900e+002 6.61631592e+002 9.36387024e+002
    7.48486328e+002 9.28009277e+002 8.33365051e+002 9.13151245e+002
    9.16973450e+002 8.90875854e+002 5.78914795e+002 9.83155273e+002
    6.69288025e+002 9.82815247e+002 7.59359985e+002 9.73287231e+002</data></cam_pts>
<!-- blobs in projector coordinate system -->
<proj_pts type_id="opencv-matrix">
  <rows>82</rows>
  <cols>2</cols>
  <dt>f</dt>
  <data>
    1.96769226e+002 7.26363602e+001 2.95153839e+002 7.26363602e+001
    3.93538452e+002 7.26363602e+001 4.91923065e+002 7.26363602e+001
    5.90307678e+002 7.26363602e+001 6.88692261e+002 7.26363602e+001
    7.87076904e+002 7.26363602e+001 8.85461548e+002 7.26363602e+001
    9.83846130e+002 7.26363602e+001 1.08223071e+003 7.26363602e+001
    1.18061536e+003 7.26363602e+001 1.96769226e+002 1.45272720e+002
    2.95153839e+002 1.45272720e+002 3.93538452e+002 1.45272720e+002
    4.91923065e+002 1.45272720e+002 5.90307678e+002 1.45272720e+002
    6.88692261e+002 1.45272720e+002 7.87076904e+002 1.45272720e+002
    8.85461548e+002 1.45272720e+002 9.83846130e+002 1.45272720e+002
    1.08223071e+003 1.45272720e+002 1.18061536e+003 1.45272720e+002
    1.96769226e+002 2.17909088e+002 2.95153839e+002 2.17909088e+002
    3.93538452e+002 2.17909088e+002 4.91923065e+002 2.17909088e+002
    5.90307678e+002 2.17909088e+002 6.88692261e+002 2.17909088e+002
    7.87076904e+002 2.17909088e+002 8.85461548e+002 2.17909088e+002
    9.83846130e+002 2.17909088e+002 1.08223071e+003 2.17909088e+002
    1.18061536e+003 2.17909088e+002 1.96769226e+002 2.90545441e+002
    2.95153839e+002 2.90545441e+002 3.93538452e+002 2.90545441e+002
    4.91923065e+002 2.90545441e+002 5.90307678e+002 2.90545441e+002
    6.88692261e+002 2.90545441e+002 7.87076904e+002 2.90545441e+002
    8.85461548e+002 2.90545441e+002 9.83846130e+002 2.90545441e+002
    1.08223071e+003 2.90545441e+002 1.18061536e+003 2.90545441e+002
    1.96769226e+002 3.63181793e+002 2.95153839e+002 3.63181793e+002
    3.93538452e+002 3.63181793e+002 4.91923065e+002 3.63181793e+002
    5.90307678e+002 3.63181793e+002 6.88692261e+002 3.63181793e+002
    7.87076904e+002 3.63181793e+002 8.85461548e+002 3.63181793e+002
    9.83846130e+002 3.63181793e+002 1.08223071e+003 3.63181793e+002
    1.18061536e+003 3.63181793e+002 2.95153839e+002 4.35818176e+002
    3.93538452e+002 4.35818176e+002 4.91923065e+002 4.35818176e+002
    5.90307678e+002 4.35818176e+002 6.88692261e+002 4.35818176e+002
    7.87076904e+002 4.35818176e+002 8.85461548e+002 4.35818176e+002
    9.83846130e+002 4.35818176e+002 1.08223071e+003 4.35818176e+002
    1.18061536e+003 4.35818176e+002 3.93538452e+002 5.08454529e+002
    4.91923065e+002 5.08454529e+002 5.90307678e+002 5.08454529e+002
    6.88692261e+002 5.08454529e+002 7.87076904e+002 5.08454529e+002
    8.85461548e+002 5.08454529e+002 9.83846130e+002 5.08454529e+002
    1.08223071e+003 5.08454529e+002 4.91923065e+002 5.81090881e+002
    5.90307678e+002 5.81090881e+002 6.88692261e+002 5.81090881e+002
    7.87076904e+002 5.81090881e+002 8.85461548e+002 5.81090881e+002
    9.83846130e+002 5.81090881e+002 5.90307678e+002 6.53727234e+002
    6.88692261e+002 6.53727234e+002 7.87076904e+002 6.53727234e+002</data></proj_pts>
</opencv_storage>
