<?xml version="1.0"?>
<opencv_storage>
<!-- random blobs in camera coordinate system -->
<cam_pts type_id="opencv-matrix">
  <rows>198</rows>
  <cols>2</cols>
  <dt>f</dt>
  <data>
    5.56804382e+002 9.99294205e+001 6.02506592e+002 8.93689651e+001
    6.49431519e+002 7.90693741e+001 6.96540955e+002 6.89322815e+001
    7.43830505e+002 5.92374115e+001 7.91423767e+002 4.98230171e+001
    8.39005005e+002 4.05395660e+001 8.86155212e+002 3.16143818e+001
    9.32499268e+002 2.28531265e+001 9.78536499e+002 1.46507874e+001
    5.65290955e+002 1.33166840e+002 6.11995422e+002 1.23617584e+002
    6.59601501e+002 1.14281296e+002 7.08057373e+002 1.05243820e+002
    7.56588806e+002 9.62258530e+001 8.05214172e+002 8.76953354e+001
    8.54151672e+002 7.94672852e+001 9.02931458e+002 7.17965317e+001
    9.51011475e+002 6.42628479e+001 9.98215820e+002 5.69499359e+001
    1.04455994e+003 5.01096954e+001 1.08957251e+003 4.32968712e+001
    1.13220251e+003 3.64378624e+001 5.72187500e+002 1.68089401e+002
    6.19677551e+002 1.59511169e+002 6.68167358e+002 1.51040176e+002
    7.17599792e+002 1.42868958e+002 7.67454468e+002 1.34974625e+002
    8.17360657e+002 1.27472374e+002 8.67525757e+002 1.20348183e+002
    9.17646790e+002 1.13563560e+002 9.67064575e+002 1.07359978e+002
    1.01589996e+003 1.01478989e+002 1.06360669e+003 9.56586227e+001
    1.11013892e+003 9.02436829e+001 1.15471045e+003 8.51288528e+001
    5.77453918e+002 2.04477859e+002 6.25893127e+002 1.96716156e+002
    6.75393127e+002 1.89271515e+002 7.25680542e+002 1.82115784e+002
    7.76588135e+002 1.75300751e+002 8.27592896e+002 1.69008392e+002
    8.79163818e+002 1.62853409e+002 9.30360779e+002 1.57442245e+002
    9.81267822e+002 1.52337265e+002 1.03143311e+003 1.47510040e+002
    1.08047607e+003 1.43249176e+002 1.12856079e+003 1.39421616e+002
    1.17454346e+003 1.35765945e+002 5.81212585e+002 2.42099884e+002
    6.30684448e+002 2.35513321e+002 6.80954590e+002 2.29124557e+002
    7.32100464e+002 2.23175812e+002 7.84186890e+002 2.17295883e+002
    8.36183777e+002 2.12311081e+002 8.89053223e+002 2.07266693e+002
    9.41298828e+002 2.03030518e+002 9.93491333e+002 1.99227066e+002
    1.04504333e+003 1.95933365e+002 1.09524609e+003 1.93319977e+002
    1.14438562e+003 1.90572067e+002 1.19178528e+003 1.88527802e+002
    1.23666309e+003 1.87175049e+002 5.83617249e+002 2.81065796e+002
    6.33842224e+002 2.75615417e+002 6.84924133e+002 2.70469238e+002
    7.36990601e+002 2.65668457e+002 7.89696167e+002 2.61227570e+002
    8.42906250e+002 2.57161804e+002 8.96557068e+002 2.53575790e+002
    9.50140442e+002 2.50645569e+002 1.00330621e+003 2.48145004e+002
    1.05607471e+003 2.46119553e+002 1.10742480e+003 2.44941940e+002
    1.15793225e+003 2.44183167e+002 1.20670862e+003 2.43778168e+002
    1.25212964e+003 2.44247086e+002 5.84186707e+002 3.21512268e+002
    6.35226563e+002 3.17246979e+002 6.87123108e+002 3.13286774e+002
    7.39784729e+002 3.09677826e+002 7.93400818e+002 3.06554382e+002
    8.47566895e+002 3.03880981e+002 9.02221741e+002 3.01662201e+002
    9.56850586e+002 2.99977661e+002 1.01101813e+003 2.98932617e+002
    1.06475513e+003 2.98523895e+002 1.11709888e+003 2.98748016e+002
    1.16838953e+003 2.99604889e+002 1.21791772e+003 3.01032349e+002
    1.26473291e+003 3.03331848e+002 5.83150818e+002 3.63060516e+002
    6.34794739e+002 3.60091827e+002 6.87547302e+002 3.57401489e+002
    7.41005920e+002 3.55102264e+002 7.95218933e+002 3.53383545e+002
    8.50137512e+002 3.52107025e+002 9.05654114e+002 3.51418701e+002
    9.61232910e+002 3.51209076e+002 1.01623413e+003 3.51583344e+002
    1.07089783e+003 3.52712036e+002 1.12402063e+003 3.54688995e+002
    1.17603589e+003 3.57090912e+002 1.22616492e+003 3.60301636e+002
    5.80410767e+002 4.05727753e+002 6.32356750e+002 4.04231750e+002
    6.85993896e+002 4.02958313e+002 7.40157288e+002 4.02218292e+002
    7.95003052e+002 4.01783264e+002 8.50609192e+002 4.01991455e+002
    9.06782471e+002 4.02671936e+002 9.63015625e+002 4.04075897e+002
    1.01878503e+003 4.06097168e+002 1.07416968e+003 4.08735687e+002
    1.12793323e+003 4.12265564e+002 1.18042310e+003 4.16637878e+002
    1.23123071e+003 4.22041290e+002 5.75852539e+002 4.49448578e+002
    6.28371399e+002 4.49316345e+002 6.82212646e+002 4.49573669e+002
    7.37093201e+002 4.50249664e+002 7.92672852e+002 4.51485382e+002
    8.48734070e+002 4.53176025e+002 9.05332642e+002 4.55570251e+002
    9.62213013e+002 4.58485168e+002 1.01857623e+003 4.62298065e+002
    1.07434631e+003 4.66601837e+002 1.12894958e+003 4.71619812e+002
    1.18195239e+003 4.78009644e+002 1.23268359e+003 4.84825104e+002
    5.69057800e+002 4.94090332e+002 6.22065735e+002 4.95454956e+002
    6.76530518e+002 4.97320007e+002 7.31710876e+002 4.99648315e+002
    7.87937927e+002 5.02419220e+002 8.44562927e+002 5.05816681e+002
    9.01549011e+002 5.09721619e+002 9.58616577e+002 5.14409119e+002
    1.01530914e+003 5.19864807e+002 1.07151367e+003 5.25923706e+002
    1.12611658e+003 5.33092346e+002 1.17913098e+003 5.41136108e+002
    1.23011646e+003 5.50144653e+002 5.60233704e+002 5.39346863e+002
    6.13671204e+002 5.42418030e+002 6.68513855e+002 5.45872375e+002
    7.24072327e+002 5.49849487e+002 7.80376526e+002 5.54335327e+002
    8.37571045e+002 5.59423584e+002 8.94941528e+002 5.65025940e+002
    9.52179565e+002 5.71420532e+002 1.00901868e+003 5.78730896e+002
    1.06505652e+003 5.86500610e+002 1.11948877e+003 5.95241882e+002
    1.17246106e+003 6.05223267e+002 1.22292126e+003 6.16572449e+002
    1.26976050e+003 6.29303711e+002 5.49400269e+002 5.85187317e+002
    6.03125366e+002 5.89824036e+002 6.57982117e+002 5.95009644e+002
    7.13919128e+002 6.00665649e+002 7.70407959e+002 6.06850159e+002
    8.27400452e+002 6.13715637e+002 8.85298096e+002 6.21189575e+002
    9.42608215e+002 6.29406433e+002 9.99298706e+002 6.38380249e+002
    1.05509216e+003 6.48080200e+002 1.10918030e+003 6.58905273e+002
    1.16183398e+003 6.70715576e+002 1.21157129e+003 6.84337952e+002
    1.25754346e+003 6.99410034e+002 5.36341797e+002 6.31322327e+002
    5.89926941e+002 6.37680664e+002 6.44865601e+002 6.44553101e+002
    7.00962952e+002 6.51813293e+002 7.57501343e+002 6.59918091e+002
    8.14652222e+002 6.68482544e+002 8.71990845e+002 6.77902893e+002
    9.29522400e+002 6.87973816e+002 9.85982910e+002 6.98702942e+002
    1.04147131e+003 7.10305542e+002 1.09499902e+003 7.23028442e+002
    1.14689978e+003 7.36916199e+002 1.19565576e+003 7.53064148e+002
    1.23979211e+003 7.69883240e+002 5.20663208e+002 6.77590698e+002
    5.74335022e+002 6.85679260e+002 6.29231140e+002 6.94341431e+002
    6.84875854e+002 7.03573303e+002 7.41425842e+002 7.13321472e+002
    7.98217651e+002 7.23924500e+002 8.55647278e+002 7.35143494e+002
    9.12145020e+002 7.46900635e+002 9.68032288e+002 7.59570435e+002
    1.02299854e+003 7.73231323e+002 1.07599377e+003 7.87673157e+002
    1.12630237e+003 8.03800537e+002 1.17272363e+003 8.21931946e+002</data></cam_pts>
<!-- blobs in projector coordinate system -->
