<?xml version="1.0"?>
<opencv_storage>
<!-- random blobs in camera coordinate system -->
<cam_pts type_id="opencv-matrix">
  <rows>142</rows>
  <cols>2</cols>
  <dt>f</dt>
  <data>
    1.05875049e+003 3.47907654e+002 1.01012695e+003 3.29309967e+002
    9.59795776e+002 3.13883820e+002 9.08719299e+002 3.01386841e+002
    8.56713196e+002 2.92126129e+002 8.03940735e+002 2.85263641e+002
    7.50358887e+002 2.81029266e+002 6.96701538e+002 2.79269775e+002
    6.42878845e+002 2.80103546e+002 5.89044556e+002 2.83465942e+002
    5.35717468e+002 2.89447906e+002 4.82770386e+002 2.97830750e+002
    4.30632416e+002 3.08806061e+002 3.79199005e+002 3.22575043e+002
    3.29067688e+002 3.38972168e+002 2.80306366e+002 3.57780487e+002
    2.32766373e+002 3.79551086e+002 1.86707352e+002 4.03996613e+002
    1.07213416e+003 3.15002258e+002 1.02140051e+003 2.95276428e+002
    9.69453796e+002 2.78366760e+002 9.16509338e+002 2.65002838e+002
    8.62728638e+002 2.54840668e+002 8.07898865e+002 2.47514999e+002
    7.52497131e+002 2.43049545e+002 6.96805298e+002 2.41192337e+002
    6.41002075e+002 2.42086990e+002 5.85129089e+002 2.45619934e+002
    5.29880676e+002 2.52011627e+002 4.75047363e+002 2.60986542e+002
    4.20929596e+002 2.72617615e+002 3.67885010e+002 2.87330383e+002
    3.16141083e+002 3.04589630e+002 2.65513550e+002 3.24557251e+002
    2.16639557e+002 3.47932922e+002 1.69427811e+002 3.73884460e+002
    1.08587573e+003 2.81592255e+002 1.03373499e+003 2.59850311e+002
    9.79897339e+002 2.42078720e+002 9.24760803e+002 2.27771652e+002
    8.69021362e+002 2.16611557e+002 8.12246094e+002 2.08638046e+002
    7.54644531e+002 2.03752350e+002 6.96831116e+002 2.01895081e+002
    6.38970337e+002 2.02813644e+002 5.80963196e+002 2.06523941e+002
    5.23615967e+002 2.13214920e+002 4.66826874e+002 2.22826660e+002
    4.10738770e+002 2.35243881e+002 3.55786926e+002 2.50757828e+002
    3.02213470e+002 2.69118042e+002 2.50026810e+002 2.90577820e+002
    1.99299744e+002 3.15612122e+002 1.50708893e+002 3.43878143e+002
    1.10076855e+003 2.47573257e+002 1.04650562e+003 2.24041779e+002
    9.90734009e+002 2.04867477e+002 9.33637268e+002 1.89403137e+002
    8.75643005e+002 1.77273209e+002 8.16860535e+002 1.68740036e+002
    7.57029785e+002 1.63277695e+002 6.97014526e+002 1.61193817e+002
    6.36788574e+002 1.62094803e+002 5.76608643e+002 1.66123917e+002
    5.17142578e+002 1.73210876e+002 4.58049713e+002 1.83523026e+002
    3.99838470e+002 1.96830887e+002 3.43073212e+002 2.13211716e+002
    2.87705170e+002 2.33035110e+002 2.33623032e+002 2.56079712e+002
    1.81141388e+002 2.82943878e+002 1.30817780e+002 3.13412262e+002
    1.11652136e+003 2.14212387e+002 1.06021619e+003 1.88132111e+002
    1.00222064e+003 1.66779373e+002 9.43173523e+002 1.49713394e+002
    8.82905762e+002 1.36721390e+002 8.21612366e+002 1.27297882e+002
    7.59508179e+002 1.21390800e+002 6.96999573e+002 1.18972595e+002
    6.34459106e+002 1.20084435e+002 5.71926636e+002 1.24281319e+002
    5.10006653e+002 1.31915741e+002 4.48685791e+002 1.42971268e+002
    3.88296417e+002 1.57230499e+002 3.29420563e+002 1.74913681e+002
    2.71972900e+002 1.96479156e+002 2.15968140e+002 2.21188599e+002
    1.61897537e+002 2.49682205e+002 1.09837532e+002 2.83056702e+002
    1.13380249e+003 1.79823792e+002 1.07485168e+003 1.51539825e+002
    1.01456970e+003 1.28059433e+002 9.53153503e+002 1.09664520e+002
    8.90469849e+002 9.52675095e+001 8.26771545e+002 8.49262238e+001
    7.62116333e+002 7.82802582e+001 6.97119751e+002 7.55201950e+001
    6.32074524e+002 7.67528458e+001 5.66756592e+002 8.13640289e+001
    5.02377014e+002 8.93964233e+001 4.38831604e+002 1.01339005e+002
    3.76022278e+002 1.16896820e+002 3.14842834e+002 1.35851532e+002
    2.55273315e+002 1.58991760e+002 1.96961548e+002 1.85534668e+002
    1.41186951e+002 2.16924881e+002 8.73005753e+001 2.53062958e+002
    1.15235242e+003 1.46227142e+002 1.09096838e+003 1.14531311e+002
    1.02798950e+003 8.90945740e+001 9.64063171e+002 6.86551285e+001
    8.98561951e+002 5.28326187e+001 8.32238098e+002 4.16259232e+001
    7.65008972e+002 3.42883186e+001 6.97023376e+002 3.09834938e+001
    6.29385864e+002 3.22368660e+001 5.61281372e+002 3.72514687e+001
    4.94439148e+002 4.60261879e+001 4.27957245e+002 5.88122368e+001
    3.62862183e+002 7.54539108e+001 2.99350555e+002 9.62501068e+001
    2.37607925e+002 1.20620331e+002 1.77314743e+002 1.50307007e+002
    1.18994873e+002 1.84208008e+002 6.24215393e+001 2.24748169e+002
    1.17216980e+003 1.13866714e+002 1.10849622e+003 7.84810028e+001
    1.04311230e+003 4.99992714e+001 9.75348572e+002 2.70647373e+001
    4.16651550e+002 1.51910429e+001 3.49203796e+002 3.33529701e+001
    2.82610138e+002 5.59565277e+001 2.18028473e+002 8.28797836e+001
    1.55820816e+002 1.15245575e+002 9.43744354e+001 1.53009155e+002
    3.64453888e+001 1.97357895e+002 1.12700720e+003 4.29334679e+001
    2.63757965e+002 1.59759817e+001 1.96676422e+002 4.56184998e+001
    1.31565475e+002 8.09563446e+001 6.85824280e+001 1.23242317e+002</data></cam_pts>
<!-- blobs in projector coordinate system -->
