<?xml version="1.0"?>
<opencv_storage>
<!-- random blobs in camera coordinate system -->
<cam_pts type_id="opencv-matrix">
  <rows>186</rows>
  <cols>2</cols>
  <dt>f</dt>
  <data>
    6.52611084e+002 9.31547424e+002 6.06520996e+002 9.36891113e+002
    5.59763428e+002 9.41501343e+002 5.12551575e+002 9.45673035e+002
    4.64654572e+002 9.49592407e+002 4.16361816e+002 9.52749268e+002
    3.68300293e+002 9.55861145e+002 3.20464020e+002 9.57777710e+002
    2.72618958e+002 9.59377991e+002 2.25728897e+002 9.60599121e+002
    1.80103439e+002 9.60581299e+002 6.48981750e+002 8.97424622e+002
    6.01607056e+002 9.01675598e+002 5.53743286e+002 9.05644409e+002
    5.05649933e+002 9.08945435e+002 4.56783142e+002 9.11866516e+002
    4.07509735e+002 9.14071411e+002 3.58261566e+002 9.15804932e+002
    3.08931091e+002 9.16881897e+002 2.60118561e+002 9.17121155e+002
    2.12086746e+002 9.17078552e+002 1.64941513e+002 9.16316650e+002
    6.46161987e+002 8.62141663e+002 5.98272339e+002 8.65593811e+002
    5.49817810e+002 8.68590698e+002 5.00659943e+002 8.70916260e+002
    4.50945618e+002 8.72707275e+002 4.00774139e+002 8.73889038e+002
    3.50290283e+002 8.74463257e+002 2.99797760e+002 8.74245911e+002
    2.50151566e+002 8.73768799e+002 2.00614517e+002 8.72204102e+002
    1.52612854e+002 8.70038940e+002 1.05392227e+002 8.67160706e+002
    6.45036682e+002 8.25781189e+002 5.96769592e+002 8.28193909e+002
    5.47092163e+002 8.30106201e+002 4.97192871e+002 8.31500061e+002
    4.46623169e+002 8.32245789e+002 3.95762848e+002 8.32431030e+002
    3.44267853e+002 8.31763977e+002 2.92700867e+002 8.30363586e+002
    2.41878571e+002 8.28278320e+002 1.91432663e+002 8.25837830e+002
    1.41973145e+002 8.22232788e+002 9.35380249e+001 8.17743835e+002
    6.45145569e+002 7.87974182e+002 5.96363403e+002 7.89418457e+002
    5.46226196e+002 7.90286255e+002 4.95411896e+002 7.90508301e+002
    4.44103455e+002 7.90216309e+002 3.92339142e+002 7.89257019e+002
    3.39983246e+002 7.87287964e+002 2.87862488e+002 7.84963013e+002
    2.35529724e+002 7.81460022e+002 1.84077957e+002 7.77510376e+002
    1.33888977e+002 7.72519958e+002 8.45208130e+001 7.66769897e+002
    6.46804810e+002 7.49129395e+002 5.97463623e+002 7.49323547e+002
    5.46981750e+002 7.49150452e+002 4.95429413e+002 7.48282043e+002
    4.43284912e+002 7.46789490e+002 3.90802460e+002 7.44481201e+002
    3.37656219e+002 7.41570984e+002 2.84677155e+002 7.37713684e+002
    2.31758133e+002 7.33196472e+002 1.79140823e+002 7.27543396e+002
    1.28104752e+002 7.21307800e+002 7.79509201e+001 7.13830444e+002
    2.97874374e+001 7.05541687e+002 6.49773499e+002 7.09020691e+002
    6.00216431e+002 7.08147217e+002 5.49194336e+002 7.06779419e+002
    4.97101898e+002 7.04711975e+002 4.44308411e+002 7.01909119e+002
    3.91058533e+002 6.98473694e+002 3.37267334e+002 6.94280334e+002
    2.83487671e+002 6.89193481e+002 2.29949585e+002 6.83109436e+002
    1.76744400e+002 6.76218567e+002 1.24918373e+002 6.68202820e+002
    7.41068115e+001 6.59398315e+002 2.47587109e+001 6.49360352e+002
    6.54463196e+002 6.67921265e+002 6.04258789e+002 6.65834656e+002
    5.52999817e+002 6.63188721e+002 5.00582367e+002 6.59894592e+002
    4.47315826e+002 6.55856384e+002 3.93455566e+002 6.51103943e+002
    3.38861176e+002 6.45589966e+002 2.84440704e+002 6.39067017e+002
    2.30453156e+002 6.31725403e+002 1.76785202e+002 6.23279236e+002
    1.24112389e+002 6.13797485e+002 7.27655563e+001 6.03237488e+002
    2.31768742e+001 5.91506226e+002 6.60632324e+002 6.25881287e+002
    6.10180359e+002 6.22524597e+002 5.58460449e+002 6.18545410e+002
    5.05726776e+002 6.13884644e+002 4.52088684e+002 6.08554749e+002
    3.97755066e+002 6.02403687e+002 3.42828979e+002 5.95427490e+002
    2.87863007e+002 5.87514526e+002 2.33415192e+002 5.78562988e+002
    1.79081497e+002 5.68823730e+002 1.25889427e+002 5.57973694e+002
    7.46625824e+001 5.45956299e+002 2.47474651e+001 5.32795044e+002
    6.68440674e+002 5.82813416e+002 6.17827393e+002 5.78192566e+002
    5.65742676e+002 5.72853516e+002 5.12684509e+002 5.66813843e+002
    4.58827240e+002 5.60143494e+002 4.04268677e+002 5.52498596e+002
    3.49020203e+002 5.44173950e+002 2.93598328e+002 5.34712280e+002
    2.38679398e+002 5.24357910e+002 1.84209717e+002 5.12952820e+002
    1.31067566e+002 5.00580811e+002 7.93501892e+001 4.86993713e+002
    2.94120560e+001 4.72386536e+002 6.77874512e+002 5.39060730e+002
    6.27029114e+002 5.33025879e+002 5.74925293e+002 5.26313416e+002
    5.21659668e+002 5.18852112e+002 4.67452484e+002 5.10642456e+002
    4.12634552e+002 5.01626190e+002 3.57307678e+002 4.91635193e+002
    3.01749146e+002 4.80860901e+002 2.46842819e+002 4.69058075e+002
    1.92315720e+002 4.56112823e+002 1.38763809e+002 4.42305756e+002
    8.71391754e+001 4.27282898e+002 3.73486710e+001 4.10396088e+002
    6.88909424e+002 4.94723206e+002 6.38098633e+002 4.87299255e+002
    5.85799622e+002 4.79057526e+002 5.32539856e+002 4.70153259e+002
    4.78416046e+002 4.60492706e+002 4.23497681e+002 4.49865112e+002
    3.68056641e+002 4.38415375e+002 3.12625824e+002 4.26075104e+002
    2.57616425e+002 4.12802582e+002 2.03027969e+002 3.98366455e+002
    1.50155655e+002 3.82733673e+002 9.85630264e+001 3.66434631e+002
    4.88800201e+001 3.47766479e+002 7.02240234e+002 4.49740753e+002
    6.51088135e+002 4.40997162e+002 5.98834534e+002 4.31314362e+002
    5.45515686e+002 4.20927917e+002 4.91358673e+002 4.09629028e+002
    4.36629028e+002 3.97549347e+002 3.81320526e+002 3.84543365e+002
    3.25725708e+002 3.70663513e+002 2.71059235e+002 3.55810150e+002
    2.16867630e+002 3.39822784e+002 1.64369080e+002 3.22772156e+002
    1.13711914e+002 3.04332733e+002 6.46740494e+001 2.84477936e+002
    7.16559753e+002 4.04776184e+002 6.65937073e+002 3.94464752e+002
    6.13903992e+002 3.83234680e+002 5.60565979e+002 3.71462402e+002
    5.06457733e+002 3.58943359e+002 4.52199677e+002 3.44961945e+002
    3.97141296e+002 3.30281799e+002 3.42173431e+002 3.14829407e+002
    2.87758881e+002 2.98460571e+002 2.33920029e+002 2.81247070e+002
    1.81905609e+002 2.62162140e+002 1.31471893e+002 2.42351273e+002
    7.33283264e+002 3.59540222e+002 6.82783875e+002 3.47710663e+002
    6.31115112e+002 3.35043579e+002 5.78327820e+002 3.21547974e+002
    5.24659912e+002 3.07239502e+002 4.70591583e+002 2.91939606e+002
    4.15729614e+002 2.75832062e+002 3.61393707e+002 2.58806152e+002
    3.07724701e+002 2.40874802e+002 2.55096130e+002 2.21912308e+002
    2.03641678e+002 2.01341675e+002 1.54104294e+002 1.80082062e+002</data></cam_pts>
<!-- blobs in projector coordinate system -->
