<?xml version="1.0"?>
<opencv_storage>
<!-- random blobs in camera coordinate system -->
<cam_pts type_id="opencv-matrix">
  <rows>79</rows>
  <cols>2</cols>
  <dt>f</dt>
  <data>
    2.76973358e+002 5.16594238e+002 3.43331970e+002 5.43698608e+002
    4.11402252e+002 5.63135376e+002 4.80140076e+002 5.76961548e+002
    5.50146240e+002 5.86588562e+002 6.20342224e+002 5.92733704e+002
    6.90407715e+002 5.95490967e+002 7.59844910e+002 5.95214111e+002
    8.28117676e+002 5.91830505e+002 8.94885559e+002 5.84839661e+002
    9.60957581e+002 5.73210571e+002 3.33915619e+002 5.89397766e+002
    4.04533020e+002 6.09400085e+002 4.75101196e+002 6.23756592e+002
    5.47316284e+002 6.33555237e+002 6.19734924e+002 6.39647034e+002
    6.91888489e+002 6.42111267e+002 7.63311218e+002 6.41421204e+002
    8.33555481e+002 6.37301819e+002 9.01798157e+002 6.29220642e+002
    9.69979126e+002 6.16065735e+002 2.53778290e+002 6.04609497e+002
    3.24592224e+002 6.35282837e+002 3.97476166e+002 6.56534119e+002
    4.70267670e+002 6.71459778e+002 5.44757507e+002 6.81700928e+002
    6.19447205e+002 6.87713379e+002 6.93884705e+002 6.89986206e+002
    7.67472107e+002 6.88651611e+002 8.39666077e+002 6.83436890e+002
    9.10017639e+002 6.73944336e+002 9.79834229e+002 6.59130005e+002
    2.41878616e+002 6.47508423e+002 3.15059387e+002 6.81736572e+002
    3.90257111e+002 7.04057678e+002 4.66089966e+002 7.19918335e+002
    5.42535034e+002 7.30871765e+002 6.19637817e+002 7.36916626e+002
    6.96343628e+002 7.38802124e+002 7.72058350e+002 7.36582214e+002
    8.45590698e+002 7.29691223e+002 9.19037476e+002 7.18956543e+002
    9.91303223e+002 7.02252197e+002 3.05610474e+002 7.27988159e+002
    3.83088196e+002 7.52718384e+002 4.61677429e+002 7.69529480e+002
    5.41080566e+002 7.80337830e+002 6.20230164e+002 7.86775940e+002
    6.99392029e+002 7.88089355e+002 7.76746277e+002 7.84349243e+002
    8.53562195e+002 7.76922913e+002 9.29118347e+002 7.64072083e+002
    1.00382434e+003 7.44227173e+002 2.96444153e+002 7.73005981e+002
    3.76221710e+002 8.01031494e+002 4.57469910e+002 8.19537964e+002
    5.39612183e+002 8.30933838e+002 6.21539246e+002 8.36800476e+002
    7.02978027e+002 8.37567871e+002 7.83351685e+002 8.33260864e+002
    8.62682922e+002 8.24121216e+002 9.40767273e+002 8.08481506e+002
    1.01856256e+003 7.84191772e+002 3.69911011e+002 8.48593323e+002
    4.53738983e+002 8.69356323e+002 5.38741516e+002 8.81827393e+002
    6.23528381e+002 8.87684631e+002 7.07822571e+002 8.87724976e+002
    7.91117981e+002 8.82205505e+002 8.73213196e+002 8.70369019e+002
    9.54443848e+002 8.51153931e+002 4.51088562e+002 9.17418274e+002
    5.38912292e+002 9.31701599e+002 6.26756653e+002 9.37774780e+002
    7.14087952e+002 9.36950989e+002 7.99956787e+002 9.29436218e+002
    8.85502380e+002 9.14226501e+002 6.31437317e+002 9.83987732e+002
    7.21605652e+002 9.82095459e+002</data></cam_pts>
<!-- blobs in projector coordinate system -->
<proj_pts type_id="opencv-matrix">
  <rows>79</rows>
  <cols>2</cols>
  <dt>f</dt>
  <data>
    1.96769226e+002 7.26363602e+001 2.95153839e+002 7.26363602e+001
    3.93538452e+002 7.26363602e+001 4.91923065e+002 7.26363602e+001
    5.90307678e+002 7.26363602e+001 6.88692261e+002 7.26363602e+001
    7.87076904e+002 7.26363602e+001 8.85461548e+002 7.26363602e+001
    9.83846130e+002 7.26363602e+001 1.08223071e+003 7.26363602e+001
    1.18061536e+003 7.26363602e+001 2.95153839e+002 1.45272720e+002
    3.93538452e+002 1.45272720e+002 4.91923065e+002 1.45272720e+002
    5.90307678e+002 1.45272720e+002 6.88692261e+002 1.45272720e+002
    7.87076904e+002 1.45272720e+002 8.85461548e+002 1.45272720e+002
    9.83846130e+002 1.45272720e+002 1.08223071e+003 1.45272720e+002
    1.18061536e+003 1.45272720e+002 1.96769226e+002 2.17909088e+002
    2.95153839e+002 2.17909088e+002 3.93538452e+002 2.17909088e+002
    4.91923065e+002 2.17909088e+002 5.90307678e+002 2.17909088e+002
    6.88692261e+002 2.17909088e+002 7.87076904e+002 2.17909088e+002
    8.85461548e+002 2.17909088e+002 9.83846130e+002 2.17909088e+002
    1.08223071e+003 2.17909088e+002 1.18061536e+003 2.17909088e+002
    1.96769226e+002 2.90545441e+002 2.95153839e+002 2.90545441e+002
    3.93538452e+002 2.90545441e+002 4.91923065e+002 2.90545441e+002
    5.90307678e+002 2.90545441e+002 6.88692261e+002 2.90545441e+002
    7.87076904e+002 2.90545441e+002 8.85461548e+002 2.90545441e+002
    9.83846130e+002 2.90545441e+002 1.08223071e+003 2.90545441e+002
    1.18061536e+003 2.90545441e+002 2.95153839e+002 3.63181793e+002
    3.93538452e+002 3.63181793e+002 4.91923065e+002 3.63181793e+002
    5.90307678e+002 3.63181793e+002 6.88692261e+002 3.63181793e+002
    7.87076904e+002 3.63181793e+002 8.85461548e+002 3.63181793e+002
    9.83846130e+002 3.63181793e+002 1.08223071e+003 3.63181793e+002
    1.18061536e+003 3.63181793e+002 2.95153839e+002 4.35818176e+002
    3.93538452e+002 4.35818176e+002 4.91923065e+002 4.35818176e+002
    5.90307678e+002 4.35818176e+002 6.88692261e+002 4.35818176e+002
    7.87076904e+002 4.35818176e+002 8.85461548e+002 4.35818176e+002
    9.83846130e+002 4.35818176e+002 1.08223071e+003 4.35818176e+002
    1.18061536e+003 4.35818176e+002 3.93538452e+002 5.08454529e+002
    4.91923065e+002 5.08454529e+002 5.90307678e+002 5.08454529e+002
    6.88692261e+002 5.08454529e+002 7.87076904e+002 5.08454529e+002
    8.85461548e+002 5.08454529e+002 9.83846130e+002 5.08454529e+002
    1.08223071e+003 5.08454529e+002 4.91923065e+002 5.81090881e+002
    5.90307678e+002 5.81090881e+002 6.88692261e+002 5.81090881e+002
    7.87076904e+002 5.81090881e+002 8.85461548e+002 5.81090881e+002
    9.83846130e+002 5.81090881e+002 6.88692261e+002 6.53727234e+002
    7.87076904e+002 6.53727234e+002</data></proj_pts>
</opencv_storage>
