<?xml version="1.0"?>
<opencv_storage>
<!-- random blobs in camera coordinate system -->
<cam_pts type_id="opencv-matrix">
  <rows>183</rows>
  <cols>2</cols>
  <dt>f</dt>
  <data>
    6.54179138e+002 9.31100769e+002 6.07841919e+002 9.36402954e+002
    5.61079651e+002 9.40806763e+002 5.13681702e+002 9.45381531e+002
    4.65927582e+002 9.49083374e+002 4.17832703e+002 9.52240845e+002
    3.69805908e+002 9.55156189e+002 3.21741516e+002 9.57327637e+002
    2.73644623e+002 9.58732544e+002 2.26595016e+002 9.59996887e+002
    6.50144958e+002 8.96922485e+002 6.03018372e+002 9.01367432e+002
    5.55315002e+002 9.05259338e+002 5.06977234e+002 9.08619873e+002
    4.58159515e+002 9.11343811e+002 4.08851410e+002 9.13698486e+002
    3.59426117e+002 9.15396973e+002 3.10286865e+002 9.16477478e+002
    2.61416718e+002 9.16618286e+002 2.13347748e+002 9.16772644e+002
    1.66305618e+002 9.15996704e+002 6.47613525e+002 8.61697937e+002
    5.99780701e+002 8.65237793e+002 5.51254150e+002 8.68102295e+002
    5.01940033e+002 8.70538513e+002 4.52345520e+002 8.72287842e+002
    4.02150208e+002 8.73522827e+002 3.51630371e+002 8.74108154e+002
    3.01278625e+002 8.74101685e+002 2.51237595e+002 8.73209412e+002
    2.01960464e+002 8.71930542e+002 1.53615219e+002 8.69621643e+002
    6.46418091e+002 8.25247925e+002 5.98056580e+002 8.27754395e+002
    5.48617432e+002 8.29625732e+002 4.98531372e+002 8.30998657e+002
    4.48085571e+002 8.31791199e+002 3.97177979e+002 8.32026672e+002
    3.45594391e+002 8.31494873e+002 2.94157379e+002 8.30059021e+002
    2.43266479e+002 8.28170349e+002 1.92498825e+002 8.25244446e+002
    1.43151062e+002 8.21631165e+002 9.48553009e+001 8.17410034e+002
    6.46732544e+002 7.87475830e+002 5.97905884e+002 7.88885437e+002
    5.47764038e+002 7.89841553e+002 4.96848969e+002 7.90114807e+002
    4.45644073e+002 7.89885315e+002 3.93767853e+002 7.88748108e+002
    3.41467529e+002 7.87090271e+002 2.89040497e+002 7.84541748e+002
    2.37303955e+002 7.81222778e+002 1.85649048e+002 7.77046692e+002
    1.35017059e+002 7.71984375e+002 8.58490143e+001 7.66330566e+002
    6.48265381e+002 7.48677917e+002 5.98988403e+002 7.48994324e+002
    5.48539673e+002 7.48773193e+002 4.97028198e+002 7.47860840e+002
    4.44894043e+002 7.46485413e+002 3.92312775e+002 7.44190918e+002
    3.39157715e+002 7.41252625e+002 2.86070221e+002 7.37423645e+002
    2.33227112e+002 7.33038208e+002 1.80600815e+002 7.27251282e+002
    1.29416779e+002 7.20921143e+002 7.92621460e+001 7.13696533e+002
    6.51418457e+002 7.08587952e+002 6.01815796e+002 7.07785767e+002
    5.50713684e+002 7.06384399e+002 4.98705231e+002 7.04348511e+002
    4.45835693e+002 7.01564331e+002 3.92511719e+002 6.98229614e+002
    3.38653259e+002 6.93946411e+002 2.84976868e+002 6.88745789e+002
    2.31402618e+002 6.82914001e+002 1.78209488e+002 6.75986023e+002
    1.26291504e+002 6.68282776e+002 7.54063568e+001 6.59161987e+002
    2.61997681e+001 6.49218933e+002 6.56059570e+002 6.67517151e+002
    6.05898865e+002 6.65467712e+002 5.54580566e+002 6.62890991e+002
    5.02090332e+002 6.59572144e+002 4.48929138e+002 6.55588867e+002
    3.94988068e+002 6.50800842e+002 3.40412689e+002 6.45289856e+002
    2.85914764e+002 6.38810425e+002 2.32061493e+002 6.31430725e+002
    1.78385376e+002 6.23126099e+002 1.25707413e+002 6.13689270e+002
    7.43022842e+001 6.03328003e+002 2.44481812e+001 5.91918579e+002
    6.62353943e+002 6.25474670e+002 6.11814392e+002 6.22172791e+002
    5.60066895e+002 6.18215942e+002 5.07316925e+002 6.13583740e+002
    4.53762573e+002 6.08273743e+002 3.99417542e+002 6.02156860e+002
    3.44343353e+002 5.95177673e+002 2.89329132e+002 5.87409607e+002
    2.34665512e+002 5.78445984e+002 1.80677780e+002 5.68766235e+002
    1.27604568e+002 5.57998413e+002 7.59752884e+001 5.45822510e+002
    2.59675312e+001 5.32334595e+002 6.70020691e+002 5.82475769e+002
    6.19481323e+002 5.77910156e+002 5.67388428e+002 5.72570679e+002
    5.14288757e+002 5.66569397e+002 4.60424377e+002 5.59879578e+002
    4.05844086e+002 5.52279968e+002 3.50565277e+002 5.43990662e+002
    2.95149261e+002 5.34501770e+002 2.40122940e+002 5.24334290e+002
    1.85676208e+002 5.12839172e+002 1.32225082e+002 5.00538849e+002
    8.07012253e+001 4.87470032e+002 3.08019962e+001 4.72278229e+002
    6.79526733e+002 5.38736023e+002 6.28826477e+002 5.32740784e+002
    5.76537720e+002 5.25949951e+002 5.23350525e+002 5.18599670e+002
    4.69143219e+002 5.10394196e+002 4.14265625e+002 5.01448517e+002
    3.58871399e+002 4.91401367e+002 3.03486145e+002 4.80718323e+002
    2.48225784e+002 4.69082947e+002 1.93644836e+002 4.56238159e+002
    1.40561081e+002 4.42199982e+002 8.83858185e+001 4.27200500e+002
    3.88123970e+001 4.10666229e+002 6.90609192e+002 4.94471100e+002
    6.39735291e+002 4.87045105e+002 5.87455750e+002 4.78815338e+002
    5.34141846e+002 4.69901428e+002 4.80000885e+002 4.60201935e+002
    4.25046509e+002 4.49671967e+002 3.69612976e+002 4.38307220e+002
    3.13980957e+002 4.25912964e+002 2.59035858e+002 4.12665100e+002
    2.04602676e+002 3.98274139e+002 1.51646851e+002 3.82785034e+002
    9.96968460e+001 3.65941162e+002 5.07668915e+001 3.47678406e+002
    7.03882324e+002 4.49402069e+002 6.52765198e+002 4.40652405e+002
    6.00551941e+002 4.31052094e+002 5.47125916e+002 4.20749359e+002
    4.93011078e+002 4.09466248e+002 4.38249359e+002 3.97401062e+002
    3.82888794e+002 3.84431274e+002 3.27363556e+002 3.70480804e+002
    2.72694183e+002 3.55670502e+002 2.18630493e+002 3.39857574e+002
    1.65664230e+002 3.22788300e+002 1.14719368e+002 3.04280090e+002
    6.60701218e+001 2.84403809e+002 7.18319885e+002 4.04519287e+002
    6.67718567e+002 3.94157867e+002 6.15673279e+002 3.82951996e+002
    5.62322510e+002 3.71103485e+002 5.08161255e+002 3.58590485e+002
    4.53796936e+002 3.44784943e+002 3.98795380e+002 3.30071808e+002
    3.43413025e+002 3.14592499e+002 2.89331757e+002 2.98191315e+002
    2.35319016e+002 2.80873718e+002 1.82955399e+002 2.62434540e+002
    1.32820908e+002 2.42499420e+002 7.34958923e+002 3.59175110e+002
    6.84599060e+002 3.47469543e+002 6.32734375e+002 3.34777344e+002
    5.80019531e+002 3.21147217e+002 5.26253296e+002 3.06980072e+002
    4.72207733e+002 2.91822968e+002 4.17164093e+002 2.75702179e+002
    3.62944092e+002 2.58629761e+002 3.09259827e+002 2.40719452e+002
    2.56261169e+002 2.22230972e+002 2.04933289e+002 2.01920212e+002
    1.55952560e+002 1.80716949e+002</data></cam_pts>
<!-- blobs in projector coordinate system -->
