<?xml version="1.0"?>
<opencv_storage>
<!-- random blobs in camera coordinate system -->
<cam_pts type_id="opencv-matrix">
  <rows>143</rows>
  <cols>2</cols>
  <dt>f</dt>
  <data>
    1.12547839e+003 3.63076477e+002 1.07566479e+003 3.43082764e+002
    1.02495996e+003 3.26803070e+002 9.73413879e+002 3.13988617e+002
    9.20872864e+002 3.04445221e+002 8.67968506e+002 2.97595734e+002
    8.14263794e+002 2.93675171e+002 7.60414612e+002 2.92369141e+002
    7.06609436e+002 2.93528961e+002 6.52844482e+002 2.97232788e+002
    5.99690491e+002 3.03392792e+002 5.47042847e+002 3.12194977e+002
    4.95182312e+002 3.23211243e+002 4.44366913e+002 3.36817871e+002
    3.94705231e+002 3.52990967e+002 3.46483093e+002 3.71413208e+002
    2.99489441e+002 3.92333588e+002 2.54496582e+002 4.15824738e+002
    1.13782690e+003 3.30386810e+002 1.08654797e+003 3.08448181e+002
    1.03378662e+003 2.91456665e+002 9.80454651e+002 2.77502747e+002
    9.25866333e+002 2.67205627e+002 8.70820923e+002 2.59932281e+002
    8.15252747e+002 2.55700760e+002 7.59388428e+002 2.54261841e+002
    7.03682739e+002 2.55491562e+002 6.47925781e+002 2.59380005e+002
    5.92827759e+002 2.65978516e+002 5.38313477e+002 2.75266144e+002
    4.84582123e+002 2.87090424e+002 4.31978760e+002 3.01420013e+002
    3.80776215e+002 3.18664459e+002 3.30838226e+002 3.38156647e+002
    2.82579834e+002 3.60550354e+002 2.36042877e+002 3.85769409e+002
    1.15134924e+003 2.97317535e+002 1.09751941e+003 2.74337555e+002
    1.04301416e+003 2.55064682e+002 9.87532471e+002 2.40186935e+002
    9.30921448e+002 2.28760468e+002 8.74106506e+002 2.20993881e+002
    8.16327515e+002 2.16155960e+002 7.58440613e+002 2.14722885e+002
    7.00537354e+002 2.16108276e+002 6.42662048e+002 2.20184174e+002
    5.85556763e+002 2.27306183e+002 5.28951172e+002 2.37174927e+002
    4.73357208e+002 2.49902405e+002 4.19034882e+002 2.65233673e+002
    3.65960083e+002 2.83607758e+002 3.14625397e+002 3.04485016e+002
    2.64786224e+002 3.28215759e+002 2.16908051e+002 3.55143036e+002
    1.16542871e+003 2.64048462e+002 1.11034692e+003 2.38582764e+002
    1.05307336e+003 2.17719879e+002 9.95171875e+002 2.01490005e+002
    9.36903503e+002 1.89457611e+002 8.77533386e+002 1.80703262e+002
    8.17549438e+002 1.75599609e+002 7.57294739e+002 1.73915863e+002
    6.97341736e+002 1.75493927e+002 6.37078003e+002 1.80006638e+002
    5.77823792e+002 1.87429123e+002 5.19197815e+002 1.98070572e+002
    4.61588776e+002 2.11602112e+002 4.05170776e+002 2.27944473e+002
    3.50555054e+002 2.47322723e+002 2.97333679e+002 2.69979248e+002
    2.46067123e+002 2.95501160e+002 1.96901764e+002 3.24072144e+002
    1.18088733e+003 2.30459747e+002 1.12293396e+003 2.02312576e+002
    1.06398999e+003 1.79958527e+002 1.00390692e+003 1.62301392e+002
    9.42846252e+002 1.48900452e+002 8.81313049e+002 1.39645111e+002
    8.18738464e+002 1.33786011e+002 7.56252991e+002 1.31868469e+002
    6.93750488e+002 1.33394669e+002 6.31242859e+002 1.38182343e+002
    5.69640625e+002 1.46209518e+002 5.08768005e+002 1.57575363e+002
    4.48915985e+002 1.72091003e+002 3.90518280e+002 1.89613251e+002
    3.33909851e+002 2.10472290e+002 2.79067963e+002 2.34732101e+002
    2.26218918e+002 2.62030609e+002 1.74941299e+002 2.93434692e+002
    1.19773279e+003 1.97617340e+002 1.13731433e+003 1.66280151e+002
    1.07520459e+003 1.41765381e+002 1.01281647e+003 1.21854233e+002
    9.49492920e+002 1.07491508e+002 8.85310547e+002 9.71543427e+001
    8.20253113e+002 9.08780365e+001 7.55072388e+002 8.84646912e+001
    6.90044250e+002 8.99407425e+001 6.25126343e+002 9.51976318e+001
    5.60915283e+002 1.03833145e+002 4.97624512e+002 1.15931725e+002
    4.35544800e+002 1.31783890e+002 3.75094482e+002 1.50659241e+002
    3.16484894e+002 1.73113876e+002 2.59658112e+002 1.99148849e+002
    2.04856659e+002 2.29031662e+002 1.52403488e+002 2.62540253e+002
    1.15287732e+003 1.30462830e+002 1.08834583e+003 1.02608727e+002
    1.02267432e+003 8.13646240e+001 9.56873169e+002 6.51546173e+001
    8.89691101e+002 5.34202042e+001 8.21928467e+002 4.67840881e+001
    7.54073120e+002 4.40637817e+001 6.85903442e+002 4.55067787e+001
    6.18433899e+002 5.12195549e+001 5.51617493e+002 6.05360374e+001
    4.86008453e+002 7.34587860e+001 4.21609863e+002 9.03202362e+001
    3.58583984e+002 1.11046890e+002 2.97709503e+002 1.35331467e+002
    2.39439468e+002 1.63173264e+002 1.82224884e+002 1.95956879e+002
    1.27758141e+002 2.32547958e+002 1.10291760e+003 6.42325897e+001
    1.03412048e+003 4.06075363e+001 9.64437988e+002 2.22621174e+001
    8.94770630e+002 9.41970825e+000 5.41850647e+002 1.58846073e+001
    4.73243622e+002 3.00077248e+001 4.06256622e+002 4.84383354e+001
    3.41177826e+002 7.02743759e+001 2.78213135e+002 9.70479660e+001
    2.16575272e+002 1.27753395e+002 1.58135605e+002 1.63400085e+002
    1.01509750e+002 2.03099747e+002 3.22046753e+002 3.04365559e+001
    2.56257019e+002 5.86874008e+001 1.93131760e+002 9.21011047e+001
    1.31583389e+002 1.31672836e+002 2.33038712e+002 2.16502857e+001
    1.68754471e+002 5.96702461e+001</data></cam_pts>
<!-- blobs in projector coordinate system -->
